06921452_9027346137.jpg 08981107_8897818606.jpg
0 146
1 146
6 321
8 456
11 142
14 214
19 321
23 444
25 55
27 146
29 424
37 456
38 2
45 321
47 424
54 349
55 135
57 149
61 74
63 221
64 59
68 424
69 375
70 321
80 302
87 391
93 171
108 58
112 425
115 77
123 214
128 214
130 474
132 400
136 422
140 443
141 258
146 101
149 127
171 231
174 233
183 145
185 349
188 105
211 78
212 73
217 73
220 402
224 281
225 82
226 0
229 440
230 73
242 73
243 259
245 353
251 422
256 456
266 73
274 171
291 456
302 299
309 73
315 234
317 73
328 456
330 482
333 402
337 472
338 110
357 472
360 73
366 105
369 171
370 73
375 82
380 73
392 422
396 132
402 47
406 214
418 65
421 146
422 73
423 73
425 73
428 73
440 85
442 73
448 73
468 73
479 132
481 73
483 144
487 73
488 125
494 0

06921452_9027346137.jpg 09245044_3371099499.jpg
0 420
1 420
6 10
7 55
8 26
13 27
14 231
19 23
20 371
22 23
23 208
25 19
27 0
28 231
29 246
37 240
38 371
40 323
45 151
46 51
47 265
50 346
55 364
57 348
58 79
59 195
61 90
62 95
64 153
67 79
68 208
69 299
80 161
87 202
90 155
93 246
104 17
107 23
108 200
110 107
111 371
112 265
116 68
123 292
124 200
128 14
131 121
132 459
136 194
140 35
141 25
142 252
146 277
149 13
153 60
168 284
174 35
183 149
186 196
204 395
211 200
212 359
217 359
218 47
219 284
220 284
224 161
225 265
226 153
227 55
229 17
230 132
242 139
243 1
244 142
245 382
251 258
256 420
266 223
270 168
274 178
284 198
291 161
292 9
293 166
302 148
304 171
309 223
317 223
328 51
330 359
333 477
338 459
344 474
357 359
358 82
360 359
362 337
369 208
370 359
371 430
375 208
380 132
388 460
392 258
396 223
399 125
402 27
406 396
418 200
421 14
422 132
423 359
424 301
425 302
426 464
428 302
430 460
440 14
442 132
448 223
449 395
451 7
454 64
456 302
462 14
465 423
468 223
475 284
476 146
479 302
481 359
484 231
487 223
488 61
496 121
498 148

06921452_9027346137.jpg 13702616_5846429775.jpg
0 12
1 69
4 35
6 387
8 69
11 16
12 96
14 194
19 86
20 10
22 252
23 245
27 96
28 457
29 58
39 453
41 115
45 387
46 148
47 215
50 178
51 233
53 305
57 387
58 36
60 353
65 182
66 335
68 35
69 138
70 274
74 88
80 295
89 396
93 58
95 331
96 20
98 331
104 156
105 191
107 295
110 438
111 419
112 58
113 56
115 73
116 48
117 420
123 204
124 132
127 25
128 85
129 293
131 324
132 245
133 450
135 79
137 77
140 473
142 294
146 209
148 66
149 12
153 5
161 381
164 243
165 65
168 303
171 60
174 38
183 209
187 47
195 114
196 164
200 158
202 223
204 48
205 223
211 132
212 232
217 155
218 107
220 303
222 123
224 12
225 273
230 281
234 256
235 479
239 400
240 141
242 232
244 333
245 215
248 157
251 228
252 47
254 24
256 10
259 66
263 180
265 306
266 281
268 200
273 254
274 245
277 15
282 57
285 277
286 100
293 77
294 173
302 473
304 486
309 232
315 134
317 196
318 151
327 307
328 12
330 155
333 324
334 82
335 424
344 374
345 318
346 397
352 262
353 66
356 403
357 300
362 473
369 215
370 3
375 245
379 42
380 281
388 484
392 228
393 495
394 242
396 196
406 69
413 112
414 451
418 132
420 154
421 194
422 358
423 160
424 107
425 196
428 414
430 484
431 234
433 158
440 457
441 484
442 240
446 68
448 232
449 27
451 438
452 495
454 393
462 49
464 368
472 41
476 127
479 414
481 155
484 457
486 487
487 414
488 252
492 116
494 416
496 48

06921452_9027346137.jpg 17318660_7986785718.jpg
7 424
11 353
14 142
22 176
25 55
28 12
29 0
47 56
50 212
62 188
67 135
70 176
74 117
93 0
108 421
136 349
145 172
146 185
157 325
161 489
168 189
169 11
174 135
183 176
188 398
212 466
217 216
225 56
230 359
242 359
243 15
246 125
264 146
266 466
309 259
317 346
330 195
333 313
336 72
338 84
357 359
360 466
366 398
369 0
370 195
371 73
380 466
392 349
396 304
405 325
421 91
422 359
423 340
425 346
428 304
442 359
448 346
454 226
456 304
468 346
470 312
475 189
479 304
481 359
484 12
487 304
497 398

06921452_9027346137.jpg 17839672_13371641013.jpg
0 24
1 24
7 223
12 270
14 63
19 152
20 24
23 293
25 2
27 270
29 293
45 125
46 175
50 475
55 253
57 7
62 93
64 305
68 35
69 163
70 475
80 49
87 86
90 24
111 18
115 105
116 179
128 23
131 277
132 293
134 162
136 484
140 0
141 32
149 49
157 464
161 181
163 155
168 378
174 223
188 487
204 179
212 225
217 225
220 378
225 293
226 305
229 115
230 130
242 130
244 418
245 35
246 383
256 24
266 130
270 305
275 321
284 175
292 253
302 0
309 85
317 85
323 162
328 23
330 341
338 293
344 71
357 85
360 225
362 223
366 487
369 35
370 130
375 35
380 130
396 85
398 483
402 125
405 410
406 49
411 4
418 126
421 57
422 130
423 85
425 85
428 85
440 1
442 341
448 341
449 98
451 208
454 223
456 490
462 63
468 85
477 68
479 490
481 130
483 155
487 341
488 18
492 221
494 305
496 218
497 343
498 0

06921452_9027346137.jpg 19945218_2947647393.jpg
2 333
8 455
16 19
22 357
23 2
29 180
39 250
46 265
47 180
53 152
58 237
60 40
62 184
63 383
65 100
68 180
84 15
92 116
93 63
102 340
112 180
115 74
129 25
132 403
142 331
144 26
145 126
153 42
157 427
171 96
178 13
183 486
188 427
193 454
195 275
204 122
209 235
210 204
212 49
217 118
225 441
226 183
230 335
237 12
241 171
242 118
245 403
250 400
258 77
266 139
272 52
274 347
282 184
286 72
293 30
296 340
301 297
302 107
305 130
308 335
309 49
312 276
315 59
317 199
330 118
331 205
334 157
346 275
350 153
357 199
360 322
366 427
369 63
370 322
371 205
375 63
379 10
380 49
382 72
392 95
393 213
394 359
396 139
398 346
405 427
412 337
415 21
422 49
423 219
425 199
428 139
432 294
439 82
441 235
442 118
448 199
452 213
468 49
473 192
475 397
477 18
479 139
481 118
482 372
487 199
488 357
493 498
494 183
496 122

06921452_9027346137.jpg 25535048_2608877181.jpg
22 55
23 438
29 355
31 71
47 135
68 355
70 92
85 33
87 464
93 355
112 24
115 58
118 259
132 135
157 458
165 333
183 467
212 280
217 211
225 135
230 94
233 250
241 102
242 94
245 355
258 436
259 251
266 354
274 135
277 149
293 483
294 9
300 146
304 149
309 211
317 280
330 211
357 280
360 280
368 28
369 438
370 280
375 438
380 211
396 280
398 294
405 458
422 211
423 280
425 272
428 272
440 8
442 330
448 280
456 462
468 211
479 272
481 498
484 67
487 272
492 259

06921452_9027346137.jpg 25765337_8514523889.jpg
4 425
6 333
7 466
14 371
22 12
23 151
25 466
27 55
28 219
29 48
47 42
50 223
51 413
57 333
58 22
67 438
69 293
72 338
93 48
108 432
112 42
116 143
119 312
136 112
140 0
146 4
153 45
168 3
174 285
183 44
212 284
217 284
220 3
224 355
225 7
230 284
242 284
245 48
256 355
259 327
266 463
268 211
274 113
292 2
293 255
302 373
309 284
317 375
330 284
333 22
338 243
357 284
360 463
362 293
369 48
370 463
371 33
375 151
380 284
392 218
396 376
398 33
399 312
402 333
406 355
421 10
422 284
423 284
424 62
425 375
428 375
440 10
442 284
448 208
451 83
454 498
456 376
468 282
475 3
476 64
479 266
481 284
484 219
487 375
488 384
498 373

06921452_9027346137.jpg 38309704_10569908794.jpg
0 244
4 22
6 272
7 4
11 325
12 390
13 498
18 311
19 127
23 88
25 381
27 390
28 390
29 7
38 478
39 198
41 117
45 272
46 284
47 383
50 459
51 266
53 6
54 382
55 424
57 127
58 499
63 401
64 45
66 336
67 180
68 472
69 99
70 272
72 17
74 382
80 75
89 360
90 187
92 86
93 7
98 129
104 4
107 478
108 133
112 472
115 12
116 433
123 478
127 145
128 390
131 433
136 468
139 178
140 300
141 174
149 116
153 278
155 387
157 153
163 475
168 482
171 258
173 275
174 180
178 449
188 153
194 280
204 433
211 75
212 305
216 428
217 397
220 32
222 335
224 389
225 383
226 321
229 300
230 277
233 202
240 68
242 305
243 176
245 101
248 69
251 35
256 389
259 483
266 305
267 274
268 231
270 463
272 25
273 234
274 128
284 284
285 368
286 139
292 33
302 270
309 305
312 447
315 258
317 305
330 397
331 86
333 499
338 26
341 276
344 87
352 473
353 483
357 305
360 305
362 381
366 153
369 128
375 7
380 305
390 377
393 203
394 221
396 305
399 400
402 272
405 153
406 33
409 327
411 177
418 75
421 116
422 277
423 397
425 305
428 305
431 138
433 411
437 268
442 150
448 305
451 122
452 462
454 499
468 305
469 276
475 381
479 305
481 305
482 378
486 291
487 305
494 321
496 433
498 270

06921452_9027346137.jpg 85392944_2858810414.jpg
0 23
1 23
6 90
8 480
11 116
12 9
14 170
16 306
18 489
19 253
20 246
22 76
23 0
28 51
29 340
31 295
33 63
39 266
41 142
43 436
45 90
46 111
47 34
50 90
53 341
54 301
58 115
59 249
62 225
66 355
68 351
70 90
72 46
77 405
80 55
81 331
84 24
87 169
89 36
90 246
93 34
95 69
97 99
98 69
101 106
104 388
106 45
110 271
111 253
112 34
116 334
119 4
121 357
124 111
127 212
128 111
130 384
132 483
137 203
141 362
142 81
143 470
147 465
149 335
150 341
153 60
157 323
161 53
163 370
165 423
167 357
173 48
177 298
182 164
188 185
190 401
196 397
198 86
200 85
206 356
209 323
210 392
211 348
212 279
216 464
222 57
224 55
225 264
226 12
229 40
230 429
235 430
240 243
242 114
243 362
244 60
245 374
247 160
248 413
259 365
266 415
267 288
268 65
270 202
274 264
276 197
285 30
286 393
287 421
290 274
293 127
307 213
309 286
310 427
312 48
317 226
326 222
328 23
332 109
335 171
336 283
337 357
338 141
344 10
348 207
353 365
355 427
357 286
360 429
366 185
369 34
370 123
371 373
375 0
380 415
381 347
388 129
389 258
393 102
396 226
398 127
399 4
405 245
411 96
412 392
415 108
421 58
422 429
423 123
425 226
428 226
433 65
437 478
439 336
448 286
451 87
452 174
456 101
462 22
468 282
471 464
472 400
476 236
477 289
479 226
482 357
484 51
485 357
486 45
487 226
488 76
489 418
492 44
494 7
496 176
497 185

06921452_9027346137.jpg 90174531_8978485136.jpg
0 200
1 33
2 35
3 189
4 409
6 74
7 15
8 141
12 140
13 428
14 458
19 74
20 33
23 386
25 122
28 140
29 277
33 114
37 259
38 259
39 327
45 74
46 54
47 277
50 415
55 20
57 74
58 311
61 186
63 21
64 220
65 365
67 11
68 366
69 90
70 74
80 70
82 17
87 58
89 105
90 142
93 44
96 361
104 122
106 40
107 77
108 70
109 136
110 335
111 180
112 266
115 50
116 120
121 332
123 46
124 70
128 46
131 90
132 182
136 228
140 293
141 103
142 315
145 115
146 28
149 188
153 89
157 377
165 34
168 62
170 130
174 293
183 95
196 115
198 176
204 90
210 261
211 70
212 282
217 419
219 11
220 1
224 46
225 277
227 186
229 15
230 59
241 88
242 221
243 44
245 44
246 222
248 246
251 228
252 316
256 33
258 241
264 221
265 436
266 329
270 220
274 44
279 262
284 54
290 306
291 20
292 106
301 494
302 293
304 337
305 458
307 288
308 155
309 419
317 481
318 361
328 318
330 419
333 341
338 428
341 211
344 38
350 192
357 282
359 174
360 282
362 71
363 168
369 44
370 282
375 81
376 34
379 446
380 419
382 210
392 228
396 481
402 482
406 164
415 196
418 70
421 200
422 419
423 282
425 481
428 481
440 458
442 376
443 451
448 481
449 82
454 341
462 140
465 96
468 329
475 219
479 481
481 282
482 332
484 140
487 481
488 52
492 9
494 220
496 90
497 65
498 293

06921452_9027346137.jpg 93557961_2501534987.jpg
22 143
28 3
39 44
61 129
67 493
69 493
77 266
108 202
112 29
115 80
123 158
132 147
146 430
168 325
173 409
200 435
211 202
212 366
217 490
219 493
230 230
242 162
264 319
266 125
287 74
309 366
317 366
330 458
333 46
338 147
344 67
357 92
359 41
360 92
368 213
370 92
380 111
396 176
422 111
423 230
424 338
425 462
428 313
442 319
448 366
468 490
475 493
479 313
481 490
487 462

06921452_9027346137.jpg 94641710_2893301912.jpg
0 305
1 305
3 251
6 24
8 188
12 1
13 408
14 358
15 462
16 143
19 77
20 305
23 158
25 197
27 1
28 71
29 158
37 0
38 75
39 152
45 77
46 181
47 438
50 472
53 10
57 37
58 360
61 495
62 427
64 71
67 486
68 53
69 249
70 77
72 185
74 401
80 255
82 61
88 464
89 85
90 65
92 428
93 158
104 228
107 75
110 3
111 181
112 485
113 145
115 341
116 35
121 359
123 25
124 65
128 65
131 249
132 454
134 223
136 52
140 249
142 62
144 4
146 9
149 15
153 127
157 250
163 33
164 318
165 493
167 269
168 7
169 350
171 184
173 163
177 30
178 261
188 40
200 92
203 90
204 2
209 195
210 99
211 305
212 430
217 431
218 393
220 151
222 342
224 255
225 118
227 20
229 48
230 69
239 84
242 49
244 469
245 158
246 497
250 194
251 202
255 72
256 65
258 457
263 349
265 382
266 191
268 92
270 495
271 464
274 144
275 256
282 230
284 258
289 215
290 348
291 305
292 305
294 251
302 178
304 318
309 430
315 184
316 204
317 466
323 223
328 305
330 473
331 427
333 219
337 301
338 42
340 217
341 50
344 86
352 442
357 431
360 191
361 386
362 480
366 164
369 158
370 473
371 428
375 111
380 366
388 235
393 308
394 184
396 313
398 320
405 250
406 65
418 170
421 9
422 366
423 149
425 466
428 313
430 235
433 92
440 9
441 165
442 49
443 493
447 448
448 212
449 295
452 254
454 219
456 313
462 358
465 472
468 149
478 251
479 313
481 168
482 301
484 71
485 359
486 338
487 466
488 52
492 216
493 480
494 495
496 219
497 164
498 178

06921452_9027346137.jpg 96041539_3414552661.jpg
11 200
51 22
54 361
59 20
63 424
72 146
73 132
74 189
102 273
117 489
144 148
153 113
154 306
155 158
169 323
196 98
212 26
217 234
230 234
233 90
242 357
266 243
279 133
293 307
296 290
309 298
317 357
330 243
344 86
352 208
357 357
360 243
366 416
370 401
371 490
377 76
380 234
396 357
398 307
399 30
415 104
422 234
423 26
425 357
428 357
435 4
442 426
447 222
448 243
451 2
468 26
479 357
481 243
487 357
492 315
497 416

08981107_8897818606.jpg 09245044_3371099499.jpg
1 382
2 371
4 156
20 382
21 327
23 371
25 419
26 13
28 277
36 19
40 119
43 101
48 371
51 334
52 289
53 35
55 55
59 153
62 371
64 161
65 308
70 155
71 252
73 132
74 90
75 357
76 67
81 53
82 246
83 132
85 218
88 1
90 257
91 200
93 305
94 391
95 141
96 33
98 318
99 481
101 277
110 242
122 127
124 243
125 61
127 13
132 126
139 421
140 287
145 149
146 420
149 348
151 353
152 166
153 371
162 178
167 123
170 104
171 246
196 326
198 200
201 287
203 130
206 55
208 80
212 3
214 13
216 200
220 206
227 130
233 35
234 83
235 103
239 16
241 243
243 318
249 258
250 200
253 80
256 420
258 25
259 1
268 421
269 247
276 77
281 51
289 243
290 287
294 396
295 286
302 198
304 125
309 424
313 132
317 220
321 10
323 149
325 287
327 318
329 243
342 3
343 443
345 243
346 287
350 382
351 287
353 382
358 364
360 132
362 243
369 139
371 337
375 64
385 193
390 65
391 202
400 242
402 44
409 11
413 400
422 258
424 246
425 382
436 421
438 287
440 77
444 357
454 279
456 161
460 9
462 243
472 305
473 155
480 287
482 421
492 421

08981107_8897818606.jpg 13702616_5846429775.jpg
1 58
2 12
5 264
8 144
20 91
26 12
28 209
36 303
43 264
53 38
66 87
71 294
73 160
75 273
76 281
77 73
82 273
83 476
84 152
93 155
96 69
101 209
104 363
111 116
122 410
124 207
125 252
127 12
139 281
140 301
146 69
149 387
150 471
162 245
165 183
167 53
170 24
171 215
201 207
202 262
206 34
214 267
231 242
234 60
235 281
241 496
243 240
253 297
263 5
268 358
270 50
271 200
275 126
276 135
281 12
289 496
290 444
294 69
296 358
298 181
313 281
317 55
319 170
321 86
323 209
325 207
329 207
345 207
346 207
350 91
351 496
353 215
360 281
362 326
365 7
366 87
368 87
369 155
396 282
406 128
409 18
422 228
424 58
425 273
428 165
432 383
436 476
438 496
443 473
444 245
446 240
456 12
462 496
465 439
472 476
473 69
480 496
481 51
482 155
492 481

08981107_8897818606.jpg 17318660_7986785718.jpg
1 70
11 74
20 367
22 25
28 185
50 57
64 234
71 51
73 359
74 197
75 124
76 216
78 433
82 56
83 119
85 21
90 375
93 89
95 97
101 185
105 398
106 1
110 84
125 339
129 433
132 227
139 89
142 114
146 234
152 494
153 190
160 492
162 17
171 70
176 478
187 156
192 221
193 433
198 421
203 171
208 90
216 281
219 376
220 8
226 156
227 171
239 219
249 390
250 276
253 360
256 39
259 15
268 89
276 135
286 96
296 195
302 221
313 359
321 176
335 13
337 70
344 478
350 265
353 0
358 60
360 438
361 104
369 466
371 143
375 135
391 81
406 90
422 349
424 168
425 70
427 143
436 342
440 135
444 124
445 86
456 234
459 376
460 277
461 478
468 352
472 216
474 90
475 478
482 346
492 462

08981107_8897818606.jpg 17839672_13371641013.jpg
0 305
1 35
22 25
36 123
37 388
53 218
59 305
62 153
66 478
68 248
73 85
76 130
83 130
85 1
87 113
89 23
93 85
95 85
96 244
98 106
99 76
105 343
106 23
110 293
123 83
124 235
127 23
132 85
139 85
140 340
149 7
196 297
201 285
206 115
208 85
214 23
220 3
227 344
240 215
241 387
253 341
257 384
258 32
268 130
281 23
286 11
289 306
290 285
292 113
313 130
317 75
325 478
329 235
335 23
345 285
346 285
351 387
362 340
366 478
368 478
369 130
375 223
400 293
406 167
419 83
436 341
437 71
438 399
454 172
462 473
465 399
472 85
474 120
480 387
482 85
492 341

08981107_8897818606.jpg 19945218_2947647393.jpg
1 63
20 125
66 209
73 335
76 335
77 74
83 49
93 199
105 427
111 431
124 436
139 404
140 128
145 486
162 29
171 63
179 162
201 209
231 96
234 59
235 49
237 433
241 436
253 91
260 135
263 42
268 404
289 436
290 436
296 118
310 420
313 335
323 486
325 209
329 436
345 188
348 471
351 436
360 321
362 436
366 209
368 209
369 404
380 446
384 333
400 441
432 352
438 488
446 177
462 436
465 177
469 169
472 219
479 332
480 177
482 344
492 356

08981107_8897818606.jpg 25535048_2608877181.jpg
66 179
73 280
83 211
93 211
124 215
139 330
140 216
162 24
166 44
194 214
201 179
208 272
241 215
253 421
289 472
290 472
323 467
325 179
329 400
344 449
346 215
351 400
362 215
366 179
368 268
399 431
400 135
424 24
425 355
432 431
436 357
438 339
442 190
461 448
462 472
469 448
472 357
475 449
480 369
482 498
492 330

08981107_8897818606.jpg 25765337_8514523889.jpg
0 13
1 48
2 26
10 200
11 384
20 91
23 384
26 355
28 4
47 465
48 26
52 18
58 432
62 199
64 129
65 193
70 43
73 284
75 151
76 284
78 432
82 7
83 284
85 199
93 284
95 282
101 29
110 243
121 232
123 0
125 384
129 432
132 452
135 355
139 463
145 44
146 355
149 333
152 180
153 384
162 42
167 274
171 113
176 478
179 318
192 432
198 432
203 259
208 314
214 129
219 275
220 10
227 259
239 232
243 455
249 10
250 432
253 226
256 40
265 300
266 276
268 179
271 211
276 0
281 129
294 277
295 117
296 284
299 373
302 40
304 312
313 179
315 318
316 478
317 174
321 333
323 89
337 372
342 2
344 80
348 80
350 91
353 42
358 355
360 430
361 112
369 284
371 436
372 54
380 318
385 75
391 44
402 285
409 438
414 86
419 0
422 218
424 7
425 53
427 293
428 223
429 275
436 415
442 347
444 151
455 305
456 355
459 275
460 31
461 478
472 463
475 275
478 318
482 208
487 73
492 208

08981107_8897818606.jpg 38309704_10569908794.jpg
0 321
1 128
2 478
11 140
16 408
20 11
22 158
23 478
25 61
26 33
31 439
32 215
36 8
43 21
47 127
50 141
52 268
53 433
56 492
58 133
59 45
64 121
65 262
66 363
69 198
70 116
72 438
73 397
74 450
75 7
76 150
77 12
78 75
81 192
82 7
83 113
84 58
85 36
87 486
89 211
92 79
93 217
95 397
96 367
98 230
106 211
110 26
111 60
114 276
120 336
121 103
124 352
125 478
127 116
128 318
129 487
131 117
135 35
138 118
139 150
140 340
142 83
146 367
147 122
149 127
151 417
162 383
165 260
166 102
167 66
171 128
177 106
178 310
182 53
186 196
188 236
192 133
193 75
198 111
201 363
202 473
203 78
205 12
206 100
208 397
212 424
214 33
216 75
233 313
234 258
235 217
237 364
239 103
240 153
241 352
243 406
247 117
250 75
252 399
253 443
254 275
256 36
258 176
259 119
263 278
267 25
268 134
269 252
276 313
281 116
283 404
284 130
286 297
289 352
290 352
292 486
293 424
294 35
296 277
299 270
302 284
304 400
308 325
313 113
316 429
321 272
325 292
329 363
335 44
337 151
342 33
343 481
345 363
347 102
350 11
351 363
353 119
356 470
358 293
360 150
361 468
362 352
365 497
366 338
368 375
369 305
371 381
375 137
382 490
386 310
400 423
402 499
404 61
413 230
414 317
422 111
424 7
425 7
427 381
430 125
431 384
432 288
436 397
437 87
438 375
440 180
441 63
443 137
444 88
446 384
454 299
456 116
460 244
462 108
465 324
466 213
472 397
473 389
480 352
482 305
486 356
487 356
490 429
491 264
492 305
499 490

08981107_8897818606.jpg 85392944_2858810414.jpg
1 0
5 27
17 104
26 335
43 27
65 159
66 186
73 429
75 0
79 338
82 273
93 429
105 185
110 141
111 44
139 429
140 195
162 141
171 273
176 486
201 186
218 486
219 486
220 170
236 486
240 185
241 417
249 170
258 362
259 374
271 65
284 133
289 417
290 371
308 370
316 184
319 65
321 90
325 339
329 195
333 184
337 351
340 486
344 184
345 130
351 395
353 374
363 72
366 186
368 186
391 163
397 274
399 254
400 264
414 108
424 147
425 273
432 279
438 390
440 40
444 141
456 480
459 453
461 486
462 417
465 385
475 486
476 486
480 234
482 429
496 189

08981107_8897818606.jpg 90174531_8978485136.jpg
1 277
2 318
4 297
5 288
23 52
26 188
28 28
43 288
45 214
47 14
53 293
55 122
58 70
64 310
66 181
68 71
71 315
73 329
74 186
75 277
76 376
78 70
82 386
83 417
85 297
87 306
93 93
95 329
96 164
110 182
111 9
124 64
125 52
127 188
129 70
135 20
139 325
140 264
144 65
145 95
146 200
149 74
153 52
162 182
164 208
167 276
171 44
174 23
193 70
201 181
205 50
206 233
208 399
214 188
220 458
232 196
235 252
241 272
249 458
250 70
253 399
256 66
258 103
260 65
263 89
268 59
276 42
281 373
282 375
289 433
290 272
294 164
296 184
302 54
313 59
321 74
323 95
325 181
329 264
335 318
342 318
344 485
345 264
346 272
351 272
353 277
358 183
360 252
362 272
369 419
375 45
389 106
391 58
397 306
400 44
402 42
409 11
422 228
424 277
425 277
436 417
438 181
440 15
443 280
444 6
456 373
460 200
462 64
472 399
475 485
480 272
482 320
483 371
492 198

08981107_8897818606.jpg 93557961_2501534987.jpg
0 39
1 29
11 23
20 122
25 26
28 430
45 423
64 310
73 328
74 129
76 319
77 80
78 202
83 328
85 19
87 94
93 405
95 208
101 430
110 147
129 202
132 423
139 55
146 19
147 75
153 243
162 66
167 128
171 29
192 292
193 202
198 247
208 462
216 344
223 221
235 134
239 136
249 302
250 202
253 483
259 476
268 208
296 486
302 292
308 277
313 208
337 35
350 122
360 257
361 156
369 289
375 493
422 42
424 29
425 29
436 252
442 80
444 217
460 19
472 215
482 466
492 257

08981107_8897818606.jpg 94641710_2893301912.jpg
1 158
2 0
4 63
5 197
21 108
25 69
26 305
36 375
43 183
45 225
53 244
55 2
64 0
71 62
73 67
76 69
77 341
82 118
83 159
85 9
87 348
90 432
93 159
95 67
105 40
110 42
111 216
114 50
124 498
127 15
139 366
140 491
146 305
149 37
162 438
165 325
167 68
171 144
201 327
202 442
205 341
214 65
220 9
235 403
240 40
241 498
244 344
260 164
263 127
268 69
281 15
284 207
289 498
290 498
292 350
296 168
302 258
313 67
317 259
319 92
321 77
325 491
328 317
329 498
342 305
351 327
353 158
358 58
360 237
362 498
366 491
369 168
397 348
399 198
400 454
402 135
419 78
424 438
425 158
427 480
432 198
436 277
438 327
440 2
443 178
444 42
446 291
456 305
460 213
462 371
465 421
466 41
472 431
480 327
482 94
492 237

08981107_8897818606.jpg 96041539_3414552661.jpg
6 252
14 239
15 218
18 14
22 311
32 254
35 97
39 231
40 7
50 124
51 308
56 116
71 259
73 234
76 26
77 270
81 462
83 234
84 126
86 388
87 352
90 324
93 168
94 131
95 472
98 297
99 17
111 140
114 420
118 413
122 152
126 371
132 357
139 243
140 103
142 166
147 313
148 230
152 244
156 340
158 18
182 418
194 61
196 136
202 280
203 102
205 270
207 204
208 264
211 229
215 469
221 384
225 432
230 295
232 320
235 144
239 161
243 230
248 198
252 219
253 264
260 194
263 113
266 124
268 243
275 228
278 177
282 441
284 389
286 326
295 119
296 168
304 30
308 200
311 4
313 495
320 318
326 294
327 103
332 312
343 304
356 128
360 144
362 356
364 241
369 234
370 272
372 97
385 403
387 195
390 239
394 467
396 407
399 477
413 230
423 424
432 477
436 472
439 428
442 2
446 312
447 492
453 186
467 79
472 495
482 298
486 66
487 207
491 214
492 243

09245044_3371099499.jpg 13702616_5846429775.jpg
0 96
6 324
13 12
14 194
15 59
17 156
22 165
23 252
24 366
32 61
33 69
35 38
36 180
42 360
44 221
46 48
47 107
50 299
51 10
59 231
61 252
63 233
64 393
67 403
68 48
71 99
72 284
74 38
79 36
80 3
91 216
98 374
103 81
104 24
107 438
108 36
123 53
126 3
127 410
130 468
131 452
132 155
139 3
141 81
146 127
149 209
154 420
155 69
156 457
158 155
161 12
171 243
174 116
178 245
185 180
188 297
192 38
195 56
202 209
204 487
206 362
207 145
208 35
215 120
220 55
222 81
223 81
231 49
239 155
243 207
246 58
250 160
252 294
264 116
265 215
275 375
276 337
277 209
280 155
281 462
287 207
292 204
294 10
297 3
299 138
301 107
302 81
305 155
309 260
318 76
328 27
339 373
348 387
354 81
357 215
359 155
361 221
377 323
382 215
386 452
388 155
395 48
396 267
397 286
419 379
421 155
427 165
428 438
437 286
457 212
458 297
477 324

09245044_3371099499.jpg 17318660_7986785718.jpg
0 21
1 15
2 68
3 190
5 45
9 234
10 176
11 282
12 20
15 129
16 219
17 9
19 55
20 425
21 115
25 9
27 176
30 21
31 36
32 47
36 340
50 195
52 456
54 44
59 173
61 339
63 106
67 216
69 49
71 298
74 55
77 135
79 45
80 360
84 135
88 141
90 378
95 188
98 175
104 350
105 20
106 79
117 480
123 84
126 89
127 224
130 171
132 119
139 89
141 438
144 372
146 180
151 176
157 383
158 438
165 492
166 494
171 93
173 351
178 17
183 321
186 277
189 357
191 48
192 55
194 94
198 250
200 421
201 395
202 451
206 91
207 135
208 124
210 445
218 451
220 35
222 438
223 260
231 21
240 470
242 84
246 168
250 62
252 51
257 37
258 349
265 126
273 136
275 89
277 185
278 348
280 89
284 189
297 428
299 226
302 328
305 89
310 335
311 476
312 57
318 472
319 395
321 333
322 200
328 14
337 226
339 374
354 119
356 120
357 15
359 119
363 476
364 234
377 363
379 253
381 460
382 70
388 119
389 37
396 5
397 121
400 472
417 59
419 62
420 234
421 89
427 6
430 188
432 37
436 452
437 469
440 204
443 138
447 349
477 226
478 116
479 203
483 320
486 386
492 251
493 173
499 239

09245044_3371099499.jpg 17839672_13371641013.jpg
0 270
2 16
4 416
7 165
9 253
13 49
14 63
15 37
17 83
19 30
20 455
21 252
24 302
25 32
33 244
35 33
36 362
38 106
42 367
44 48
46 179
50 327
51 175
52 108
53 195
55 223
57 27
59 87
63 93
64 223
67 130
68 179
69 188
72 254
74 115
75 379
79 210
80 341
81 265
83 358
84 223
87 159
88 109
91 155
98 61
100 73
102 354
103 95
105 386
106 27
107 208
108 6
110 269
117 341
121 277
126 85
130 344
131 227
132 130
133 281
136 224
139 130
141 362
142 103
147 182
151 125
153 190
157 416
158 130
172 331
173 13
174 221
178 293
179 301
180 157
183 82
186 244
188 476
192 115
194 484
198 175
200 126
201 425
202 86
206 1
208 35
212 10
213 177
214 450
215 378
218 1
220 75
222 85
223 130
226 191
230 14
231 63
236 145
239 315
240 348
242 293
243 306
244 325
250 130
254 191
255 73
256 46
259 489
265 293
270 288
274 329
275 228
279 172
280 130
286 328
287 235
290 89
291 281
292 21
294 23
297 362
299 115
302 85
305 130
308 175
312 205
319 161
324 145
326 297
327 16
328 127
332 90
336 229
348 7
350 423
353 104
354 85
355 256
358 178
359 130
361 48
364 253
368 434
371 18
376 192
382 35
388 130
392 99
393 352
394 190
395 179
402 493
403 146
407 265
419 130
420 24
421 130
422 343
428 208
430 93
432 366
433 359
434 172
443 162
447 119
448 333
453 51
458 476
459 293
462 467
474 71
477 163
481 76
486 407
488 481
494 309
495 196
497 183

09245044_3371099499.jpg 19945218_2947647393.jpg
15 103
21 321
36 49
46 122
50 49
67 335
71 21
75 485
80 118
83 59
103 49
117 239
126 457
132 49
139 404
141 335
149 486
158 356
178 180
199 394
208 180
222 139
223 139
228 478
239 219
243 436
250 335
252 331
271 377
275 356
280 118
287 436
297 322
302 49
305 404
350 170
354 356
357 403
359 49
380 24
383 438
384 460
388 118
419 324
421 404
436 113
458 389
459 403

09245044_3371099499.jpg 25535048_2608877181.jpg
4 9
8 37
46 2
50 139
57 145
67 441
71 169
80 280
92 234
109 204
117 354
126 272
132 211
136 360
139 94
141 354
145 93
149 467
156 8
158 211
174 259
178 24
202 464
206 12
208 355
214 153
215 164
222 330
223 272
236 273
239 211
243 221
246 24
250 211
265 24
275 354
277 467
280 211
282 385
287 221
289 315
297 272
302 272
305 211
321 444
323 101
324 273
325 465
354 272
357 24
358 273
359 211
373 185
382 355
388 280
402 218
406 465
419 330
421 211
426 376
437 444
448 446
453 223

09245044_3371099499.jpg 25765337_8514523889.jpg
0 55
1 151
2 69
3 2
4 206
5 438
6 373
7 347
9 236
10 333
11 438
14 31
15 172
16 232
17 0
21 200
22 120
23 300
24 117
25 0
27 67
30 400
35 373
36 179
38 416
47 484
50 179
51 355
53 479
55 466
59 187
60 45
63 144
67 284
68 143
74 373
77 0
80 173
81 37
84 373
87 109
91 255
95 87
96 17
97 365
99 290
103 427
104 364
106 159
107 347
109 130
112 49
117 314
121 143
123 274
125 312
126 98
130 259
131 315
132 284
133 68
136 270
139 284
141 284
142 190
144 225
145 24
146 64
147 161
148 493
149 44
151 333
152 36
158 284
161 129
166 180
168 141
172 183
178 48
183 111
185 490
187 100
189 437
190 72
192 285
193 75
194 218
199 49
202 44
206 10
208 48
213 121
214 37
217 351
218 10
220 174
222 431
223 152
230 185
231 473
235 457
236 480
242 243
246 48
250 284
252 296
258 218
265 42
270 496
271 290
272 402
274 196
275 430
277 4
278 360
280 490
284 3
286 117
289 18
290 238
292 277
294 355
297 376
299 293
301 62
302 375
305 284
310 190
312 444
321 96
324 480
330 365
337 293
339 112
346 223
349 377
350 196
354 430
357 48
358 480
359 463
363 346
364 355
366 72
368 419
371 384
382 48
386 481
388 284
395 143
396 277
397 131
403 209
407 408
413 220
419 284
420 355
421 284
425 165
427 25
428 83
430 33
432 455
436 495
437 258
438 447
444 459
445 479
458 157
462 15
467 351
471 137
477 293
479 73
484 130
486 170
487 99
488 428
492 27
493 345
495 137

09245044_3371099499.jpg 38309704_10569908794.jpg
0 0
1 176
3 33
4 200
5 300
6 433
9 36
10 272
13 244
14 244
16 103
17 4
19 359
22 459
24 485
25 174
27 272
33 367
35 180
36 113
44 180
46 433
50 134
51 284
54 4
55 313
64 99
67 150
68 433
71 260
74 359
77 100
79 180
80 150
84 270
85 412
90 450
91 49
101 21
103 287
113 306
117 474
121 355
123 66
125 400
126 150
132 150
139 150
141 150
146 28
148 270
151 272
153 45
155 389
157 200
158 150
161 116
167 160
168 463
171 163
178 383
180 58
185 113
186 367
192 359
194 468
198 284
199 142
200 75
207 300
208 472
213 354
215 227
222 305
223 150
231 390
239 113
242 26
243 413
246 7
250 113
265 181
275 150
279 299
280 358
284 32
286 181
287 352
289 268
292 478
296 61
297 314
299 99
302 150
305 150
308 487
317 389
321 260
328 227
331 155
337 137
346 272
348 272
353 417
354 150
357 119
359 134
361 180
364 424
371 33
372 145
382 101
388 150
394 45
395 433
396 33
397 317
419 150
420 36
421 150
422 160
423 272
427 459
428 344
437 114
441 62
458 358
459 472
474 87
477 381
486 98

09245044_3371099499.jpg 85392944_2858810414.jpg
1 362
2 32
3 335
25 362
30 289
44 471
46 471
50 461
59 127
68 334
71 370
81 24
95 225
107 87
117 375
126 429
132 429
139 310
141 429
146 236
156 159
174 44
178 141
194 335
208 351
213 177
222 83
223 429
242 141
243 488
246 147
264 44
265 276
275 429
287 417
297 429
302 286
305 429
308 159
318 146
327 334
354 429
357 374
359 429
382 0
388 429
400 404
420 163
421 429
423 163
428 87
430 373
459 483

09245044_3371099499.jpg 90174531_8978485136.jpg
2 10
3 318
5 71
6 341
9 259
10 4
13 164
14 200
17 186
19 2
20 484
21 457
22 415
23 74
25 103
27 3
30 32
33 164
35 293
36 59
46 120
50 486
51 54
55 15
64 45
67 320
68 120
71 203
73 452
74 55
75 425
77 122
80 314
84 163
90 186
98 38
101 0
103 252
107 335
108 71
117 481
121 90
123 276
126 93
132 419
139 325
141 419
149 95
151 415
155 66
156 297
158 419
161 97
174 9
178 182
183 204
184 64
185 59
186 164
189 408
192 55
200 70
202 319
206 458
207 163
208 366
215 82
218 28
222 252
223 93
231 140
239 320
240 52
242 182
243 272
244 38
246 277
250 419
252 315
258 228
265 182
267 281
271 439
275 231
277 95
280 231
283 470
284 51
287 272
294 373
297 214
299 163
302 329
305 221
327 120
328 372
337 341
346 415
348 74
354 329
357 277
359 231
361 293
371 33
382 277
388 419
395 90
396 164
415 102
419 198
420 66
421 419
423 58
427 308
459 182
465 73
477 341
490 475

09245044_3371099499.jpg 93557961_2501534987.jpg
0 39
1 25
5 476
9 123
11 46
16 136
21 15
23 143
25 109
36 230
50 371
52 163
67 230
74 46
80 483
81 198
84 49
88 72
90 129
93 201
117 351
118 63
123 128
126 79
132 328
139 303
141 208
143 284
149 143
157 218
158 230
159 330
165 477
178 66
198 292
222 429
223 462
231 492
239 319
242 66
246 29
250 230
265 66
269 419
275 257
277 430
280 252
284 83
297 462
299 60
302 313
305 303
318 131
337 59
344 490
354 429
357 476
359 328
380 444
388 462
405 419
410 444
419 319
420 19
421 462
459 147
477 46

09245044_3371099499.jpg 94641710_2893301912.jpg
3 305
9 305
10 24
11 48
13 15
14 9
17 20
19 2
23 77
24 30
26 255
35 2
36 335
39 462
44 2
46 35
50 335
51 188
54 228
64 249
67 149
68 35
74 244
80 335
91 57
103 281
107 3
117 94
121 249
123 68
126 335
131 74
132 366
139 49
141 67
156 63
158 366
161 0
171 318
174 216
178 158
183 349
185 335
189 378
192 244
198 258
202 477
206 9
207 486
208 53
211 413
215 151
218 9
220 259
222 366
223 366
226 396
227 211
231 71
239 159
242 42
243 498
246 158
250 366
252 62
265 438
267 392
271 389
275 366
278 377
280 159
287 449
290 55
294 255
297 32
302 466
305 335
312 155
318 313
327 108
328 7
333 66
339 246
346 472
348 37
354 366
357 158
359 335
361 21
371 305
382 158
385 226
386 121
388 335
395 35
397 182
400 350
407 216
414 271
419 69
421 366
423 472
427 472
428 3
429 211
436 45
437 182
441 396
443 223
458 204
459 42
471 41
486 173

09245044_3371099499.jpg 96041539_3414552661.jpg
4 370
15 293
18 18
24 237
36 337
50 168
53 406
58 269
59 152
65 498
67 26
80 234
91 52
94 71
95 490
98 114
103 144
104 397
117 452
118 409
125 30
126 264
127 152
131 240
132 234
139 357
141 234
158 234
166 244
171 37
173 279
180 484
185 391
190 182
193 403
195 194
205 262
211 37
222 234
223 234
229 194
239 168
244 114
250 234
252 259
257 324
264 140
275 243
280 234
286 119
297 357
302 26
305 234
318 393
331 347
354 234
359 243
366 87
388 234
412 393
419 234
421 243
428 2
430 490
443 304
488 286
492 177
499 61

13702616_5846429775.jpg 17318660_7986785718.jpg
3 195
13 333
31 48
33 263
43 239
56 455
58 0
59 129
63 65
67 462
76 166
81 304
87 214
91 367
119 178
128 380
149 229
155 195
160 466
184 270
196 270
198 270
202 462
203 166
208 229
225 270
227 270
231 173
232 270
233 106
240 270
268 270
269 278
273 0
281 62
290 270
294 51
297 380
299 195
300 270
309 270
332 462
340 270
343 270
347 270
348 152
357 270
358 340
374 175
378 166
380 166
382 228
383 462
402 270
414 228
418 270
439 199
465 270
476 346
483 289
486 492
492 270
496 270
499 464

13702616_5846429775.jpg 17839672_13371641013.jpg
3 130
10 47
12 23
16 155
25 59
27 127
33 109
34 115
35 35
36 74
38 0
43 36
45 123
48 179
49 63
51 14
53 475
55 75
65 177
67 478
69 23
75 248
76 478
81 180
83 29
85 49
86 7
87 478
91 35
94 393
97 6
98 226
102 125
110 95
112 66
115 349
120 127
128 167
135 0
138 461
142 278
148 393
155 130
156 83
160 130
161 261
165 475
168 11
172 47
173 416
175 161
176 222
178 125
179 495
180 462
182 208
184 340
194 63
195 36
196 340
198 478
199 478
200 299
202 340
203 340
204 21
206 376
207 235
209 152
214 471
217 205
221 48
225 478
227 340
231 87
232 340
239 289
240 478
241 320
246 277
258 12
264 2
266 330
267 49
268 478
269 161
271 315
274 475
279 495
281 396
289 222
290 340
297 315
299 130
300 478
301 340
303 98
308 340
309 340
311 348
313 228
326 340
328 476
332 478
340 340
343 340
344 95
347 478
351 340
356 327
357 478
358 130
362 1
366 302
375 228
378 306
379 130
380 306
382 340
383 340
387 7
393 248
396 92
402 478
405 206
408 315
414 235
416 259
418 340
419 21
427 130
438 208
439 478
444 235
455 25
457 63
459 261
462 462
465 478
466 219
468 344
471 226
473 0
476 341
486 105
492 340
496 306

13702616_5846429775.jpg 19945218_2947647393.jpg
3 322
5 42
13 333
16 21
17 429
30 208
36 237
40 321
42 310
48 122
57 101
58 271
60 59
62 56
67 86
69 307
72 344
73 74
76 86
77 30
81 118
87 209
96 307
99 200
100 72
110 49
111 50
120 405
128 91
132 33
133 225
134 466
136 317
137 260
144 159
145 0
155 118
157 369
158 72
160 457
161 60
162 178
172 33
176 457
180 118
182 100
183 142
184 196
194 406
196 328
198 203
199 209
200 72
202 221
203 328
204 88
207 328
209 346
213 36
215 441
225 437
226 454
227 268
228 95
232 218
240 203
242 96
245 180
246 225
249 127
251 477
252 357
254 331
255 86
258 107
266 355
268 437
271 60
273 180
275 10
281 321
286 200
289 91
290 352
293 25
294 331
297 60
299 118
300 437
301 174
303 422
305 152
308 221
309 268
323 438
326 174
328 91
332 259
340 419
343 268
347 177
356 300
357 203
358 404
366 125
369 177
377 421
378 328
379 118
380 328
382 436
383 221
391 262
395 62
399 146
402 437
405 259
406 37
408 60
411 0
414 328
416 183
418 268
420 149
427 80
439 203
444 436
452 316
455 374
459 344
465 268
470 177
476 356
481 324
483 80
492 328
496 328

13702616_5846429775.jpg 25535048_2608877181.jpg
3 94
13 50
18 303
24 51
33 186
49 67
55 0
58 438
65 333
67 160
69 219
72 194
76 216
81 211
82 397
87 179
90 220
111 54
119 186
120 164
128 436
143 435
155 280
160 441
173 9
175 185
176 330
184 472
196 472
198 160
199 179
202 160
203 327
204 92
207 221
209 467
214 351
215 24
225 160
227 160
232 160
240 179
245 237
246 226
255 327
265 329
268 268
269 228
271 211
273 438
281 354
290 327
295 319
297 436
299 280
300 268
301 339
302 10
307 422
308 472
309 160
313 283
326 327
332 216
340 339
343 400
347 292
350 139
356 330
357 292
358 280
366 370
378 160
379 488
380 369
382 472
383 472
402 292
405 268
414 472
418 369
439 160
444 472
457 8
459 498
465 369
476 280
486 149
488 110
492 472
496 369

13702616_5846429775.jpg 25765337_8514523889.jpg
3 173
10 355
13 96
15 445
28 133
36 22
38 373
43 109
53 274
57 210
58 48
59 172
65 121
66 327
67 266
76 266
77 178
81 122
87 266
91 91
107 62
110 179
114 212
115 32
127 64
150 56
155 284
160 157
164 327
165 25
173 421
175 184
176 179
180 179
182 158
184 375
196 266
198 375
202 266
203 266
207 266
209 89
211 148
214 443
215 42
216 255
217 158
225 127
227 127
232 375
233 413
241 184
245 48
254 296
255 266
256 124
265 445
268 314
271 284
273 48
275 109
281 179
290 266
294 296
297 157
299 284
300 375
309 375
313 337
326 266
332 127
340 375
343 266
344 28
349 194
356 28
357 375
358 28
366 117
375 337
378 266
379 28
380 266
382 266
383 375
398 17
402 314
408 157
414 266
418 375
421 79
427 28
438 83
439 375
444 266
452 315
465 266
473 373
476 284
492 375
496 266

13702616_5846429775.jpg 38309704_10569908794.jpg
0 3
3 316
5 278
7 497
8 231
10 389
11 170
12 116
13 70
16 124
17 104
19 237
24 199
25 145
31 330
35 472
38 359
40 150
43 347
44 436
48 433
50 59
51 115
53 227
57 40
58 383
59 80
60 258
61 197
62 389
64 386
65 371
66 483
67 329
68 323
69 367
71 402
73 155
76 218
77 226
78 436
81 150
82 39
83 166
87 363
88 382
91 11
96 390
98 166
99 317
100 139
102 272
106 89
108 409
110 113
111 287
112 63
115 117
116 60
119 308
123 335
128 443
134 258
136 160
139 64
143 94
145 137
146 370
148 487
150 96
152 58
155 358
157 69
158 411
160 397
162 190
163 147
164 483
165 459
168 297
170 73
176 132
178 459
180 134
183 52
184 352
191 209
195 347
196 363
198 292
199 375
200 231
202 249
203 415
207 363
210 261
211 135
212 257
213 458
214 206
215 383
216 49
217 481
218 251
219 219
220 31
221 180
225 415
226 214
227 338
230 322
232 415
233 266
234 138
235 385
240 375
242 221
243 242
244 407
245 383
249 217
250 84
254 234
255 218
256 117
260 222
262 333
263 334
267 116
268 415
270 13
271 113
273 383
275 480
277 368
281 150
282 269
286 114
290 363
297 397
299 134
300 324
301 415
303 8
305 6
308 324
309 324
314 263
315 223
316 287
322 85
324 499
326 329
328 214
330 202
331 239
332 338
333 278
335 336
340 324
342 189
343 415
344 287
347 415
349 353
351 413
355 111
356 132
357 375
358 150
359 454
366 485
369 288
370 9
376 224
378 186
379 358
380 329
381 373
382 352
383 324
386 229
388 386
391 288
392 274
397 328
399 156
402 324
405 439
406 466
407 332
408 113
414 352
418 324
424 41
426 456
427 287
429 182
433 161
436 77
438 344
439 338
444 352
445 443
449 393
450 431
453 198
455 158
459 134
462 113
465 324
470 288
471 261
479 346
481 316
487 291
492 324
495 203
496 324

13702616_5846429775.jpg 85392944_2858810414.jpg
3 429
7 380
8 218
10 71
12 335
15 138
16 370
25 212
28 168
31 93
34 95
36 115
38 33
45 17
48 471
49 51
50 495
51 92
57 21
58 34
62 71
65 423
66 397
67 166
69 71
70 154
73 336
75 153
76 186
77 127
81 415
85 111
86 253
87 83
94 387
96 335
97 442
99 108
100 393
102 90
106 197
115 142
116 44
117 71
119 291
121 308
123 57
124 99
127 283
129 387
132 348
133 442
135 442
138 128
143 487
145 442
148 159
152 206
157 413
158 65
163 132
164 397
165 484
170 196
172 1
176 429
178 90
184 226
188 267
194 22
196 166
198 178
199 186
200 65
202 226
203 406
207 130
214 53
215 34
216 54
218 394
221 471
225 268
227 188
228 71
229 154
231 127
232 279
238 305
240 268
245 147
246 214
249 277
250 250
252 76
255 406
258 100
264 27
267 111
268 268
273 147
274 90
277 57
281 125
283 156
286 108
288 263
290 166
294 81
295 335
300 268
301 183
305 341
308 371
309 188
311 308
314 380
315 98
324 176
325 91
326 195
330 433
331 69
332 268
333 60
335 355
336 471
340 268
343 188
347 339
351 304
357 211
358 429
362 22
369 270
373 387
374 10
378 226
380 188
381 458
382 371
383 440
386 218
387 31
389 411
391 270
393 115
396 36
399 396
401 318
402 268
405 268
414 226
416 7
418 178
419 308
424 171
425 456
430 193
439 221
441 106
443 42
444 226
452 121
453 196
455 172
457 51
465 349
466 315
470 290
473 442
479 162
487 45
492 188
495 102
496 188

13702616_5846429775.jpg 90174531_8978485136.jpg
0 233
3 184
5 89
10 164
12 188
13 35
15 201
23 420
26 369
27 372
34 233
35 366
36 311
38 55
40 59
45 393
49 140
53 1
57 154
58 277
65 34
67 495
69 164
73 50
76 495
81 419
85 54
86 74
87 181
92 66
94 106
97 7
99 262
102 1
105 225
108 331
110 329
111 320
115 406
116 9
120 372
121 180
128 429
132 70
135 7
138 233
145 280
148 54
152 210
155 231
157 246
158 210
160 282
164 115
165 308
176 320
178 415
180 59
182 365
184 450
194 458
196 495
198 181
199 181
202 495
203 239
207 495
209 95
215 277
217 365
221 293
225 450
226 314
227 450
232 450
236 63
240 495
243 201
245 386
248 101
249 287
252 52
255 239
264 288
267 164
268 450
271 429
273 386
275 446
281 59
285 378
286 262
290 450
294 315
295 46
297 464
299 282
300 181
301 450
303 1
306 436
308 450
309 495
311 54
324 341
325 492
326 239
328 320
332 495
334 394
338 449
340 450
343 450
347 450
353 25
355 220
356 198
357 181
358 231
362 28
366 187
372 286
374 38
375 314
376 242
378 450
379 395
380 495
382 450
383 495
387 336
393 45
396 105
397 128
402 450
408 198
414 495
418 495
419 180
420 84
427 395
438 365
439 495
444 239
445 419
448 77
457 32
459 282
462 416
465 495
473 163
476 231
481 320
486 337
492 495
496 495
499 447

13702616_5846429775.jpg 93557961_2501534987.jpg
3 154
13 451
40 486
53 69
63 457
67 306
74 122
76 81
81 215
87 26
88 440
103 417
107 338
119 44
128 328
152 43
155 252
160 230
184 216
196 57
198 357
199 190
202 57
203 57
225 216
227 216
232 216
240 26
249 387
255 57
268 216
271 230
281 15
290 88
297 208
299 289
300 357
301 216
308 216
309 174
326 57
332 216
340 216
343 216
347 216
348 47
357 174
358 289
378 57
379 252
380 57
382 216
383 216
398 490
402 357
405 357
414 57
418 357
438 80
439 190
453 44
459 443
465 357
476 458
492 357
496 357

13702616_5846429775.jpg 94641710_2893301912.jpg
0 2
3 335
5 127
7 51
8 26
10 65
12 15
15 166
16 29
17 492
21 140
27 151
28 104
34 2
35 53
36 360
38 244
40 168
45 5
48 398
49 116
51 113
53 68
55 259
56 145
57 146
58 485
60 184
62 202
64 452
65 169
67 466
69 65
73 341
75 23
76 306
77 57
81 162
85 25
86 241
87 32
90 103
92 246
95 129
96 1
97 244
99 182
100 92
102 24
110 225
111 335
116 216
117 65
119 343
120 7
121 37
123 342
127 426
129 187
132 170
134 184
135 244
138 20
140 240
144 18
145 249
148 170
153 206
155 335
156 59
158 92
159 406
160 225
165 24
172 202
173 251
176 450
178 472
180 225
181 445
182 3
183 325
184 311
187 115
194 358
196 313
198 306
199 421
200 92
202 311
203 306
204 477
207 352
211 232
215 438
216 57
217 90
221 2
224 211
225 291
226 247
227 306
228 202
231 320
232 212
233 17
238 429
240 421
242 184
245 158
248 142
249 388
250 273
254 62
255 498
260 256
262 442
264 197
267 25
268 311
271 159
273 438
274 24
281 69
282 465
286 182
290 313
294 62
295 52
297 159
299 335
300 421
301 291
303 151
305 10
306 382
308 311
309 491
311 181
313 293
315 462
316 296
320 80
324 398
326 306
328 478
332 291
336 219
337 234
340 311
343 311
344 281
347 311
354 377
355 495
356 335
357 367
358 168
362 9
363 122
366 278
369 352
373 246
374 60
375 293
377 18
378 316
379 12
380 316
382 316
383 466
385 211
387 37
393 249
396 85
400 84
401 43
402 291
405 291
406 55
408 159
411 249
414 498
416 65
418 306
419 241
425 339
427 329
438 3
439 311
444 498
445 162
448 181
452 74
453 152
457 71
459 329
462 406
465 491
468 179
470 311
473 2
474 55
476 412
483 376
484 235
486 318
492 491
495 308
496 327

13702616_5846429775.jpg 96041539_3414552661.jpg
3 234
5 113
13 307
16 31
31 401
40 215
51 46
73 270
77 52
81 234
90 117
105 375
110 144
116 140
124 176
136 194
146 163
152 126
155 243
160 26
176 391
196 357
203 356
211 296
216 142
217 454
223 149
231 490
232 357
234 284
271 234
281 144
282 407
283 330
286 133
290 356
294 259
297 234
299 234
301 356
326 356
340 477
351 297
356 243
358 168
366 174
374 114
376 392
420 489
427 243
438 2
476 168
486 349

17318660_7986785718.jpg 17839672_13371641013.jpg
10 467
18 260
20 386
24 147
25 25
26 354
29 134
32 292
35 75
37 136
41 61
49 188
62 130
70 35
83 22
89 130
90 85
95 8
97 85
114 186
117 406
118 26
119 130
120 383
124 35
125 383
129 37
130 333
135 223
139 141
150 440
151 383
152 130
154 117
161 136
166 85
171 344
173 87
188 93
194 228
195 130
199 341
209 87
214 85
216 341
227 362
228 271
239 36
241 85
246 377
252 499
259 341
260 341
263 109
270 341
278 320
288 53
293 377
304 85
316 156
325 464
328 85
331 431
333 155
335 103
337 109
340 85
342 341
343 435
346 85
352 377
357 383
359 130
360 341
361 35
365 341
376 166
379 383
382 356
383 416
384 115
386 407
398 487
411 194
419 85
428 362
429 341
432 354
436 130
438 130
456 108
462 341
463 199
466 130
473 320
480 341
491 338
494 87
495 341
496 148
498 292
499 362

17318660_7986785718.jpg 19945218_2947647393.jpg
20 12
48 50
56 29
62 335
78 108
89 404
90 49
97 49
108 343
115 103
119 404
120 370
129 103
138 364
166 404
192 379
194 139
195 404
199 356
202 344
208 315
214 335
216 404
227 404
228 139
236 113
241 404
259 139
260 199
270 404
296 321
304 356
328 199
340 404
342 404
346 199
359 404
360 118
395 320
398 427
399 379
419 404
428 335
429 199
436 404
438 404
462 139
466 139
480 239
491 118
495 139
499 404

17318660_7986785718.jpg 25535048_2608877181.jpg
10 484
22 484
56 151
62 280
70 355
89 280
90 272
91 464
97 211
117 447
119 280
129 285
139 37
152 94
166 160
178 186
194 272
195 280
199 272
213 353
214 441
216 211
227 354
229 172
241 272
259 280
260 280
263 186
270 268
293 172
304 354
315 295
316 25
321 199
325 458
328 272
331 36
340 280
341 486
346 280
354 266
359 280
360 280
365 272
369 384
376 449
380 357
382 279
386 295
411 294
419 272
420 228
428 330
434 295
436 280
438 280
459 166
462 280
466 280
478 448
480 272
491 272
495 211
499 272

17318660_7986785718.jpg 25765337_8514523889.jpg
0 7
1 473
2 0
3 242
4 348
5 55
6 25
7 398
8 10
9 0
10 15
12 219
13 236
14 274
15 50
16 241
17 48
21 233
23 240
28 135
33 1
34 221
35 174
37 471
39 199
42 260
45 1
51 296
52 243
53 267
54 264
55 57
56 343
57 276
60 473
62 98
66 498
67 309
68 69
70 48
71 285
72 413
74 384
79 159
80 393
81 40
82 76
83 162
84 243
86 317
87 241
89 284
90 173
91 371
94 372
97 127
104 221
105 65
106 144
107 438
112 470
115 200
119 284
120 495
121 131
124 151
126 42
127 240
128 112
129 172
131 96
132 340
135 373
142 371
143 293
150 342
151 495
152 337
155 493
160 324
161 110
162 309
163 466
164 348
166 266
168 7
171 259
173 187
174 236
175 258
176 333
177 43
184 321
185 29
187 245
188 413
189 3
190 218
194 139
195 463
198 40
199 208
200 429
209 180
212 223
214 375
215 96
216 284
223 221
224 210
226 57
227 375
228 375
229 435
231 13
233 71
234 355
236 495
239 109
241 375
251 27
259 463
260 152
261 344
265 91
270 375
272 460
276 432
277 31
282 436
283 41
296 200
297 221
302 65
304 376
305 65
306 214
308 473
311 414
313 9
316 90
319 1
324 225
328 375
331 147
332 466
333 96
334 267
335 190
339 4
340 284
342 415
343 90
346 208
348 360
349 218
350 364
357 437
359 284
360 463
361 91
365 375
367 91
374 221
376 275
377 468
378 493
379 495
380 157
383 206
384 393
386 170
389 41
390 218
397 299
404 329
411 33
412 340
414 55
415 360
419 375
421 432
424 285
428 152
429 127
433 43
436 463
438 284
442 256
447 372
451 150
452 414
461 283
462 208
465 164
466 284
469 258
470 150
474 432
476 346
477 113
478 80
480 375
482 495
487 112
490 1
491 337
494 180
495 152
499 375

17318660_7986785718.jpg 38309704_10569908794.jpg
0 7
1 211
2 4
3 44
5 0
9 174
12 45
13 44
14 227
15 176
17 167
21 0
23 468
24 477
25 158
28 167
33 444
34 168
39 36
45 458
47 410
48 217
51 477
52 26
53 111
55 100
56 383
60 293
62 150
63 8
68 8
70 7
71 5
80 5
84 26
89 305
90 305
97 305
104 468
114 83
119 305
121 317
124 46
126 181
128 468
131 260
135 381
138 225
143 381
155 444
163 21
164 468
166 305
168 181
174 44
175 114
176 272
177 424
178 164
182 114
195 305
197 450
198 187
199 305
212 272
214 305
215 260
216 305
226 100
227 305
228 305
231 111
233 463
234 36
241 248
244 140
255 3
259 305
260 305
261 78
265 11
270 305
277 244
281 33
282 458
296 225
298 260
304 150
308 394
313 499
319 300
325 153
328 150
333 70
334 111
340 150
342 305
346 305
353 325
359 305
360 305
361 11
367 11
377 319
378 450
380 236
383 484
384 5
398 153
421 75
424 381
428 305
429 305
433 133
436 305
438 305
447 151
462 305
466 305
469 114
470 36
472 493
474 75
477 181
480 474
487 468
490 300
495 305
499 305

17318660_7986785718.jpg 85392944_2858810414.jpg
0 147
17 141
28 141
56 18
62 83
70 0
73 225
84 141
89 429
90 354
97 354
114 116
117 301
119 286
126 273
131 370
166 286
168 273
182 370
188 225
194 123
195 429
199 286
214 83
216 354
227 83
228 83
231 289
241 286
259 286
260 286
270 123
304 354
325 323
328 429
333 370
340 429
342 286
344 2
346 286
353 116
359 496
360 429
365 254
375 275
376 184
398 185
419 179
428 83
429 429
436 286
438 286
462 286
466 83
472 472
477 273
478 486
480 254
491 496
495 279
499 179

17318660_7986785718.jpg 90174531_8978485136.jpg
0 277
6 308
9 186
17 277
26 452
41 38
51 315
54 336
55 55
62 419
63 393
70 277
81 14
89 59
90 329
97 481
99 222
119 419
120 408
125 222
135 163
142 32
152 221
166 481
181 391
188 185
189 276
192 323
194 481
195 59
199 325
212 4
214 464
216 296
226 341
227 179
228 481
236 445
241 481
259 481
260 481
270 481
273 217
296 179
304 481
307 470
308 32
309 111
314 85
328 481
340 59
342 481
346 282
348 355
357 408
359 59
360 282
365 481
378 186
399 78
419 481
427 102
428 419
429 481
436 325
438 481
462 481
466 214
472 239
477 116
480 481
484 172
490 186
491 231
495 481
499 481

17318660_7986785718.jpg 93557961_2501534987.jpg
1 11
3 365
4 7
6 48
9 333
12 195
14 5
15 476
17 66
21 0
23 130
24 434
25 468
27 75
33 488
34 1
39 0
45 27
52 434
53 103
54 5
55 46
57 14
60 11
62 429
63 199
65 457
66 150
67 424
70 102
71 46
74 2
81 227
82 267
84 9
89 125
90 466
91 53
93 477
97 328
104 1
107 46
108 457
115 72
119 462
127 130
128 7
135 493
142 430
143 59
152 441
155 333
162 424
163 437
164 254
166 313
168 29
174 19
176 143
185 158
189 83
190 42
192 399
194 466
195 273
197 129
198 400
199 350
214 55
216 55
219 136
221 292
223 156
226 46
227 125
228 313
231 22
234 19
241 462
244 224
250 292
259 176
260 462
270 498
272 234
276 202
277 3
281 348
282 46
304 257
308 354
313 46
319 121
326 457
328 313
332 437
334 348
339 23
340 273
342 462
343 218
346 462
359 362
360 79
361 122
365 498
367 122
371 341
372 440
378 333
383 101
384 109
414 345
419 249
421 145
424 46
428 462
429 88
436 125
438 462
447 35
462 350
466 176
470 272
474 145
477 29
480 222
487 7
489 237
490 121
491 441
495 462
499 462

17318660_7986785718.jpg 94641710_2893301912.jpg
0 158
24 6
41 86
51 62
52 6
56 118
58 337
62 200
64 150
69 211
84 6
89 466
90 466
91 9
97 275
99 186
117 401
119 366
120 378
121 182
125 336
136 174
152 225
159 362
166 149
167 407
169 105
175 60
194 466
195 335
199 466
206 440
213 109
214 82
216 200
227 82
228 466
234 0
236 337
241 200
259 193
260 277
268 420
270 466
289 100
296 191
304 466
311 434
325 250
328 366
340 466
342 466
343 350
346 277
354 415
357 378
359 49
360 193
365 466
379 186
386 173
395 73
398 40
410 110
419 466
428 82
429 277
436 200
438 200
452 45
462 200
466 237
477 144
479 226
480 262
491 275
495 193
499 466

17318660_7986785718.jpg 96041539_3414552661.jpg
7 405
25 311
27 2
41 114
48 401
51 259
57 124
62 357
89 243
90 298
93 37
97 298
119 243
121 492
126 279
130 249
131 200
133 324
138 304
139 106
165 257
166 26
173 152
175 114
194 298
195 243
199 357
209 244
214 426
216 234
222 101
227 234
228 357
239 61
241 234
245 303
251 177
259 357
260 357
270 357
304 26
309 105
315 396
316 447
328 234
340 234
342 357
343 447
346 264
350 201
351 279
359 495
360 264
365 426
372 188
375 393
383 370
386 396
419 357
428 357
429 264
434 396
436 243
438 234
462 357
466 357
472 319
480 452
491 264
494 244
495 357
499 357

17839672_13371641013.jpg 19945218_2947647393.jpg
32 227
35 2
36 10
44 198
63 264
85 457
95 49
120 91
130 49
167 91
173 192
180 457
206 209
212 485
215 427
218 107
222 457
225 335
235 436
252 321
261 50
271 139
272 322
285 436
293 403
306 436
315 49
322 140
327 139
338 118
340 352
341 199
343 427
349 278
360 166
362 457
365 359
387 268
396 49
399 268
400 207
409 354
421 462
423 170
443 442
446 433
456 77
462 404
470 388
473 436
476 49
478 209
483 346

17839672_13371641013.jpg 25535048_2608877181.jpg
0 88
1 12
3 8
4 68
7 15
8 214
9 62
10 51
16 56
20 125
22 491
33 61
35 355
38 52
39 239
41 111
44 22
48 88
50 214
51 196
57 12
60 473
63 67
69 420
72 131
75 0
79 109
81 35
85 272
86 464
97 429
101 294
109 186
119 326
120 272
125 210
126 142
127 269
130 211
134 240
138 250
141 37
145 273
147 109
152 464
153 12
161 228
164 159
165 312
167 498
168 155
171 313
173 458
177 333
178 273
180 211
182 304
183 420
190 11
194 483
195 230
204 214
206 268
211 497
213 215
218 302
222 211
228 283
235 215
261 330
272 246
277 482
285 327
293 135
302 370
306 472
311 458
313 52
317 70
318 73
319 391
322 361
324 273
327 139
331 251
332 312
337 497
338 211
340 216
341 280
349 84
356 279
362 330
365 250
370 458
387 400
389 497
396 63
398 380
399 339
400 77
405 292
410 458
414 251
416 9
421 110
431 36
439 334
446 429
448 350
450 153
451 144
453 391
456 436
464 391
470 400
471 47
473 472
476 357
478 179
483 294
484 142
486 47
488 15
491 398
493 218
495 96
496 129
498 391

17839672_13371641013.jpg 25765337_8514523889.jpg
0 373
1 10
3 233
9 268
16 69
22 162
35 48
36 109
42 103
51 442
56 370
57 10
69 181
72 136
75 174
83 0
85 284
87 180
89 238
90 162
93 413
95 28
103 190
105 439
106 416
107 257
115 0
117 202
120 208
130 284
132 369
136 110
145 480
146 209
150 131
156 90
158 244
166 326
167 284
177 121
178 480
180 284
182 161
183 181
194 33
195 479
196 137
205 158
208 83
212 435
222 284
223 393
224 270
225 284
227 315
228 337
236 20
241 11
245 448
252 200
254 147
261 284
262 126
264 226
265 408
271 98
272 173
288 496
290 37
292 367
299 211
315 157
317 193
324 480
327 490
328 117
329 196
331 183
338 337
341 284
344 259
346 482
349 32
361 118
362 173
380 170
382 131
386 307
396 179
401 266
407 170
409 499
411 294
414 327
416 206
422 435
431 147
433 288
434 419
442 272
450 37
462 179
471 194
481 428
483 413
486 103
490 266
494 279

17839672_13371641013.jpg 38309704_10569908794.jpg
0 313
4 177
11 297
23 116
25 158
29 436
32 174
35 11
36 347
66 153
71 87
85 150
95 134
98 32
109 164
112 455
113 496
115 180
120 443
125 459
127 482
130 150
155 475
167 443
173 153
175 284
177 354
179 355
180 397
187 97
203 259
206 375
208 122
213 352
222 134
223 381
235 352
244 367
252 316
261 150
270 390
272 150
285 352
299 231
302 485
305 321
306 352
311 153
315 236
317 262
318 360
327 134
338 113
340 352
341 305
362 150
365 153
370 153
378 8
382 317
387 352
393 75
396 150
399 292
405 352
410 153
456 358
462 134
464 153
470 352
473 352
475 227
476 358
478 375
498 153

17839672_13371641013.jpg 85392944_2858810414.jpg
0 442
3 170
4 96
6 100
7 253
12 100
14 92
16 32
23 335
24 246
32 113
35 0
47 1
49 111
63 22
66 323
83 388
85 496
86 169
87 127
88 351
92 36
111 444
113 424
115 95
125 90
126 348
152 163
153 13
155 370
157 70
170 16
172 14
177 423
206 186
208 87
213 368
219 315
220 220
222 429
230 35
235 488
244 9
248 153
260 350
264 310
265 24
267 444
270 9
271 279
277 214
285 371
293 483
305 12
306 488
317 159
322 58
340 371
341 496
343 185
348 308
356 219
362 415
387 339
399 188
401 123
405 281
406 301
410 323
439 345
464 323
470 371
473 371
475 90
478 339
484 335
487 185

17839672_13371641013.jpg 90174531_8978485136.jpg
1 28
2 352
3 458
16 10
18 52
21 180
23 188
24 141
30 293
32 103
33 293
35 277
38 254
47 259
49 46
63 140
66 328
82 234
83 195
85 419
86 319
95 320
98 82
105 337
115 90
120 399
127 372
130 221
141 203
155 65
161 165
163 341
167 314
175 54
177 34
179 90
180 329
213 423
218 293
222 282
225 419
228 320
230 15
235 272
248 13
259 106
261 399
271 419
272 399
285 272
293 182
306 272
313 79
315 59
327 93
338 304
340 272
341 481
348 180
349 406
355 287
362 419
378 62
379 425
386 271
387 450
396 221
399 272
400 402
401 282
405 423
422 78
423 29
446 126
461 233
462 59
470 450
473 272
475 415
476 395
478 181

17839672_13371641013.jpg 93557961_2501534987.jpg
34 68
85 208
95 79
113 94
120 208
130 230
167 289
180 462
209 482
212 114
222 230
225 462
228 79
252 15
261 289
265 198
271 160
272 462
281 198
290 198
293 147
312 425
315 141
327 298
338 64
341 483
342 399
350 54
362 230
396 303
399 316
401 466
403 484
419 234
460 474
476 260
478 116

17839672_13371641013.jpg 94641710_2893301912.jpg
0 59
1 9
2 197
3 358
7 37
16 108
18 181
21 241
23 125
30 2
33 59
35 111
42 288
47 13
48 2
49 25
51 39
56 386
57 9
63 358
83 78
85 159
86 477
93 427
95 281
98 151
105 413
109 350
113 350
120 162
125 24
127 7
130 335
138 250
147 6
155 29
162 223
163 295
166 120
173 250
175 181
179 35
180 67
205 155
206 49
211 165
213 316
215 250
221 216
222 159
225 149
235 498
244 25
248 249
252 162
259 187
261 159
264 149
265 216
270 1
271 193
272 162
285 498
293 454
299 92
302 278
305 495
306 498
311 40
312 172
315 204
319 250
322 9
327 296
329 265
338 159
340 491
341 193
343 40
348 255
356 262
362 335
375 155
378 7
379 372
383 336
387 491
393 170
396 412
397 349
399 491
400 199
401 149
403 441
405 367
407 173
410 250
425 420
453 165
461 2
462 450
464 250
470 367
473 498
475 68
476 478
478 491
482 360
487 40
490 313
498 250

17839672_13371641013.jpg 96041539_3414552661.jpg
25 311
53 106
56 364
61 114
71 86
75 173
76 17
85 264
87 152
95 234
117 117
120 234
130 234
132 323
150 133
155 416
156 447
157 383
167 401
180 234
194 77
195 406
205 454
213 356
222 264
225 26
228 264
236 354
261 234
264 357
271 357
272 234
297 136
302 174
315 234
327 243
338 264
340 103
341 243
362 234
387 103
396 144
399 103
401 26
405 103
418 352
470 103
481 286

19945218_2947647393.jpg 25535048_2608877181.jpg
0 116
7 38
8 334
29 151
32 49
34 488
49 280
50 246
58 269
60 488
63 38
66 252
77 436
80 498
84 102
86 216
88 92
91 498
98 448
102 496
118 280
124 488
128 216
130 70
132 211
139 354
140 361
148 211
155 339
158 488
174 216
177 339
180 135
188 472
193 339
196 327
198 342
199 280
201 246
203 339
207 475
209 268
218 339
219 211
221 339
223 472
229 280
239 211
240 109
248 327
259 160
260 10
262 160
268 339
269 365
271 24
273 170
289 246
300 330
304 446
307 219
322 280
323 472
324 354
328 369
330 482
333 50
334 170
335 280
341 498
344 246
346 467
350 193
352 362
356 330
357 55
366 342
380 280
388 494
389 436
403 135
404 354
419 339
422 482
423 472
430 286
436 472
437 160
441 24
454 498
455 69
457 211
470 210
477 227
486 467
488 268
492 99
499 227

19945218_2947647393.jpg 25765337_8514523889.jpg
9 12
34 284
49 284
50 226
60 284
79 418
80 463
86 266
91 284
101 87
113 495
118 284
128 266
132 284
137 152
139 152
142 86
148 284
150 149
158 226
174 266
188 266
196 266
199 284
201 226
203 375
218 266
219 284
221 266
223 266
229 284
239 430
259 314
260 70
268 266
300 282
321 173
322 226
323 266
324 226
328 266
331 296
335 284
341 284
344 226
346 89
352 266
356 284
380 179
404 284
419 314
423 266
436 266
437 314
454 226
457 284
486 264
497 484

19945218_2947647393.jpg 38309704_10569908794.jpg
2 128
15 87
17 40
21 124
28 48
30 226
34 150
37 253
42 278
49 150
50 217
59 258
60 236
72 169
74 12
76 282
82 364
86 218
90 58
91 214
96 221
101 40
118 217
124 214
127 217
128 363
132 217
137 217
139 305
142 52
143 12
146 156
148 113
149 191
150 217
155 363
174 363
177 324
188 363
193 292
196 415
198 107
199 150
200 260
201 397
203 338
209 375
213 203
218 415
219 113
221 324
222 428
223 413
229 217
239 217
241 252
245 488
248 415
259 324
260 225
262 338
268 324
269 443
276 447
281 255
300 150
321 150
322 134
323 363
324 316
328 249
332 429
335 305
344 134
352 415
353 210
356 150
359 451
366 173
380 248
381 429
388 292
389 443
404 305
419 338
423 413
427 265
433 364
436 352
437 415
457 150
466 258
488 375

19945218_2947647393.jpg 85392944_2858810414.jpg
2 0
7 34
8 16
9 490
19 306
21 370
29 18
31 278
33 49
49 429
56 71
60 85
61 205
63 34
66 55
70 169
72 65
73 43
76 124
82 336
86 186
90 288
120 476
121 176
122 471
128 114
130 159
131 345
136 305
140 38
146 396
149 200
152 407
154 13
155 371
156 169
159 37
174 195
176 13
177 234
180 147
183 7
187 484
188 130
189 128
193 188
196 195
199 429
200 108
203 268
205 129
209 339
218 234
221 188
223 371
225 214
227 113
237 115
248 234
250 266
259 268
260 3
262 390
264 22
268 188
271 34
272 125
278 142
282 401
301 348
314 66
321 415
323 349
328 226
330 214
331 81
335 429
337 392
342 108
347 276
349 136
350 55
352 195
356 429
357 76
359 245
374 172
388 371
392 234
393 409
403 483
404 429
405 90
409 432
418 72
419 390
421 342
423 211
427 185
430 387
433 336
436 371
437 268
441 264
452 326
455 55
470 213
486 334
488 268
498 159

19945218_2947647393.jpg 90174531_8978485136.jpg
2 6
3 40
7 44
10 446
12 271
17 289
19 121
20 56
22 271
23 62
26 157
27 91
28 424
29 44
30 137
31 39
32 350
34 314
39 390
40 25
42 89
45 309
47 388
49 59
50 320
59 205
60 320
62 218
63 44
70 319
72 210
74 50
75 173
76 290
78 438
79 204
80 214
82 126
85 41
86 264
90 426
91 399
96 205
99 289
100 335
101 154
102 394
103 457
105 110
110 170
113 445
117 178
118 231
124 314
125 187
127 287
128 264
130 458
132 320
135 65
136 156
137 287
138 254
139 301
142 169
143 50
148 464
149 84
150 287
152 17
153 192
155 181
156 319
157 208
158 399
160 69
171 88
172 34
173 223
174 264
176 456
177 495
179 61
180 266
186 177
188 272
192 328
193 181
194 494
196 450
199 296
200 203
201 329
202 79
203 181
204 261
207 402
209 181
211 118
215 49
218 450
219 399
221 495
222 413
223 495
227 103
229 231
231 171
235 414
238 110
239 296
243 437
245 347
248 450
250 327
255 243
256 35
259 181
260 457
262 495
263 238
267 337
268 450
271 44
272 457
276 421
278 406
283 408
286 222
297 494
299 290
300 252
301 142
313 263
316 23
317 123
318 284
321 252
322 214
323 495
324 198
327 69
328 495
331 315
333 35
335 155
337 261
340 0
341 314
342 149
344 320
346 95
347 44
350 142
351 295
352 264
356 325
358 48
359 104
360 126
361 39
369 246
371 388
372 402
377 439
380 93
383 21
388 495
390 357
392 402
393 377
398 360
399 363
400 430
401 435
402 253
403 266
404 325
407 177
408 493
419 495
422 1
423 495
425 328
428 305
431 9
433 126
436 272
437 181
441 44
453 12
457 320
458 88
463 332
466 205
473 448
477 367
481 460
486 95
488 181
492 18

19945218_2947647393.jpg 93557961_2501534987.jpg
34 289
49 328
50 154
60 208
77 322
80 162
86 104
91 443
98 114
118 328
124 443
128 152
132 252
137 222
139 99
148 441
150 387
155 152
168 98
174 57
177 357
188 314
193 294
196 57
199 209
203 174
209 174
218 57
219 111
221 57
223 255
229 328
239 336
248 216
253 454
259 357
262 357
263 41
268 357
272 291
273 318
300 178
321 257
322 92
323 314
324 154
328 57
334 318
335 178
341 443
344 154
346 58
352 216
356 411
379 428
380 230
382 399
388 357
401 282
404 261
419 357
423 314
433 82
437 357
449 245
454 443
457 452
472 417
485 114
488 357
499 68

19945218_2947647393.jpg 94641710_2893301912.jpg
2 158
7 485
13 261
17 146
18 495
19 143
21 29
23 7
26 4
29 118
31 155
33 202
34 335
37 55
42 127
49 366
50 159
59 184
60 159
63 158
66 255
68 190
69 122
70 477
72 92
74 341
78 167
80 329
84 136
86 306
91 159
95 202
96 184
98 379
99 308
101 98
103 470
110 156
113 337
116 428
118 225
120 249
121 135
122 21
124 159
125 278
127 388
128 306
130 358
132 225
133 91
135 361
137 242
139 191
140 477
141 176
142 325
143 341
148 67
150 388
152 10
155 327
156 477
158 159
159 18
160 106
172 359
173 356
174 311
175 479
177 306
178 4
180 158
183 495
184 427
188 306
190 23
193 327
195 81
196 311
199 366
200 325
203 311
204 99
205 427
206 436
207 199
209 491
211 287
215 423
218 311
219 159
221 311
223 498
227 78
228 23
229 225
237 360
239 242
244 153
245 177
248 311
250 152
259 291
260 470
261 328
262 311
264 358
267 318
268 306
271 438
272 470
280 20
281 489
282 52
283 434
286 45
287 170
300 159
301 258
302 131
303 59
312 157
314 494
316 121
321 191
322 335
323 327
324 335
327 70
328 316
331 62
334 379
335 67
341 335
344 478
346 108
347 158
350 258
351 399
352 311
356 366
359 250
360 128
365 425
370 378
372 269
373 217
376 289
377 389
380 159
388 491
392 359
403 454
404 242
405 7
407 373
408 494
413 214
419 291
422 151
423 311
425 139
427 40
428 30
430 170
431 216
436 316
437 311
441 118
455 255
457 366
461 114
463 359
466 184
476 396
478 494
479 110
486 108
488 291
490 312
498 480

19945218_2947647393.jpg 96041539_3414552661.jpg
28 466
30 52
34 168
42 113
49 234
50 401
60 234
91 401
118 234
128 103
137 452
139 144
143 270
155 103
158 234
174 356
177 477
199 471
219 168
223 356
229 234
239 452
259 477
268 477
300 144
321 144
322 243
323 356
324 234
335 144
341 243
344 243
356 234
380 234
388 477
394 331
404 234
423 356
437 477
449 452
457 234
480 399

25535048_2608877181.jpg 25765337_8514523889.jpg
1 374
9 206
24 42
25 445
29 446
34 36
36 147
47 194
62 268
84 32
86 445
94 226
120 20
121 32
135 48
139 28
150 48
151 343
153 37
160 266
161 118
166 119
169 334
183 337
184 118
188 125
189 48
190 202
196 442
199 111
201 380
204 130
206 456
211 284
215 266
221 266
224 160
231 378
237 48
239 51
251 327
253 130
257 226
272 337
273 480
280 284
281 64
283 337
289 102
294 33
327 266
330 284
333 121
351 443
354 284
355 48
357 157
369 266
370 41
376 424
420 181
427 295
438 48
441 337
444 96
448 435
449 275
461 250
467 89
481 32
483 255
484 95
488 284
491 162
498 284

25535048_2608877181.jpg 38309704_10569908794.jpg
9 200
24 423
29 54
47 206
50 70
73 360
94 316
122 382
139 134
160 292
161 206
179 292
184 206
191 132
211 150
215 352
216 340
221 352
268 375
280 217
292 292
327 352
330 150
333 354
339 338
342 173
351 373
354 150
357 358
362 352
369 292
391 153
397 39
400 352
431 352
436 443
444 49
456 352
458 451
472 352
494 324

25535048_2608877181.jpg 85392944_2858810414.jpg
2 13
10 3
14 483
24 264
30 167
38 34
55 76
56 473
58 94
69 480
70 159
76 229
78 155
88 442
91 202
99 444
116 214
119 329
130 490
135 264
142 23
150 340
151 18
153 177
160 188
170 444
179 339
180 351
189 0
193 23
209 452
210 31
215 406
216 195
221 226
232 401
237 340
252 55
268 339
272 429
279 282
285 118
286 387
292 211
299 435
302 214
303 17
327 188
330 429
333 423
334 16
339 188
355 34
361 159
362 188
364 170
369 234
370 298
400 188
431 371
438 340
448 184
449 486
456 226
457 32
462 415
472 371
483 127
494 371

25535048_2608877181.jpg 90174531_8978485136.jpg
24 277
50 35
54 198
56 10
64 332
94 314
96 158
99 165
135 44
160 495
179 181
183 429
211 429
215 239
216 264
221 495
246 320
257 282
268 181
271 198
272 329
280 282
283 429
292 450
295 314
327 450
330 399
333 295
339 272
354 320
355 277
357 399
362 272
369 495
394 320
398 73
400 450
421 429
431 450
441 314
456 450
464 319
467 95
472 495
475 332
488 274
493 485
494 450
498 320

25535048_2608877181.jpg 93557961_2501534987.jpg
16 54
30 474
50 451
52 451
79 295
94 92
121 210
139 371
160 57
170 318
176 47
183 324
211 458
216 104
263 43
268 50
272 313
280 92
292 357
295 443
327 57
330 274
339 316
354 154
357 443
369 314
421 170
435 73
441 230
461 116
472 314
481 210
488 443
498 443

25535048_2608877181.jpg 94641710_2893301912.jpg
3 5
8 116
9 251
12 9
16 271
24 118
38 158
54 12
67 116
69 255
77 199
94 335
107 28
121 54
124 162
135 454
136 13
149 318
151 118
160 311
175 296
177 226
178 199
179 306
183 159
191 189
196 39
211 159
215 371
216 306
221 316
228 176
237 158
242 253
246 162
266 132
268 306
272 162
280 159
292 367
293 135
322 132
327 316
330 366
333 493
339 306
354 335
355 158
357 100
362 491
369 306
381 265
396 406
400 316
412 81
431 311
436 100
438 158
441 159
445 178
447 401
448 379
453 226
456 367
458 250
472 449
488 159
494 311
497 193
498 159

25535048_2608877181.jpg 96041539_3414552661.jpg
4 494
29 369
44 61
65 183
94 357
179 103
183 264
205 61
211 243
215 356
221 356
246 401
248 293
272 264
280 243
283 264
295 264
327 356
330 234
345 494
354 243
421 264
431 477
441 26
443 305
444 307
483 77
488 401
494 477
498 243

25765337_8514523889.jpg 38309704_10569908794.jpg
0 4
1 5
2 33
3 8
7 7
8 394
9 381
10 35
13 321
16 433
21 458
22 458
25 66
26 2
28 150
31 244
35 321
40 36
42 383
43 140
45 278
48 7
49 142
53 7
55 0
56 96
57 100
70 225
73 356
76 468
83 344
85 5
91 11
96 70
98 150
100 71
109 347
112 468
113 128
118 206
120 459
121 354
122 217
127 305
129 116
131 317
135 383
141 463
143 433
148 135
150 121
151 128
152 305
155 305
157 397
158 122
170 98
173 150
175 168
178 226
179 134
189 168
193 262
194 353
199 244
206 200
208 305
218 111
221 168
223 272
226 474
232 103
233 367
236 36
238 466
240 463
243 26
258 114
266 305
267 111
272 371
274 66
277 33
282 277
284 150
285 180
288 373
293 381
296 243
300 127
304 305
312 400
314 305
319 108
327 483
333 272
338 17
343 88
344 78
347 276
352 229
355 33
364 199
372 151
373 270
375 305
376 314
384 33
393 5
396 3
415 314
420 373
425 458
430 150
431 305
432 133
436 5
443 373
446 54
452 217
455 194
463 305
466 4
473 394
480 353
487 81
490 150
493 444
498 100

25765337_8514523889.jpg 85392944_2858810414.jpg
7 273
10 170
33 127
36 137
42 273
48 0
53 34
64 478
70 419
80 184
98 83
113 273
118 53
121 177
124 291
127 496
133 168
135 141
151 0
152 286
155 354
163 286
173 429
179 429
208 354
211 65
233 170
243 141
255 54
264 334
266 279
273 334
275 184
282 83
284 429
312 4
314 286
318 453
343 18
347 87
349 465
375 286
376 179
387 286
415 286
430 429
431 440
445 329
463 286
478 453

25765337_8514523889.jpg 90174531_8978485136.jpg
0 90
1 352
2 106
3 51
7 277
10 458
12 95
16 90
22 311
25 308
28 231
42 277
44 95
45 56
48 277
53 277
57 341
69 10
85 55
87 154
89 95
98 93
113 44
122 93
127 481
139 481
143 90
149 287
151 6
152 481
155 481
157 464
163 481
173 399
179 59
208 481
223 96
226 419
233 458
266 239
267 220
274 276
282 329
284 419
285 55
293 163
302 487
304 329
310 466
311 439
314 481
319 64
328 78
333 4
337 231
343 44
355 33
373 163
375 481
376 481
378 471
384 52
387 481
393 163
410 207
415 481
427 252
430 231
431 481
452 481
463 59
466 352
490 231
498 341

25765337_8514523889.jpg 93557961_2501534987.jpg
1 343
3 83
4 430
7 29
8 39
9 46
12 143
13 39
16 46
21 121
22 17
25 48
28 405
29 430
30 195
31 365
32 210
35 177
40 272
44 143
48 102
50 46
53 122
55 39
57 46
69 83
76 267
85 46
91 122
94 97
98 313
100 223
101 374
102 67
113 122
122 313
123 21
127 462
129 53
139 79
143 46
150 272
151 217
152 462
155 160
157 289
163 111
173 257
175 156
178 155
179 362
189 7
199 243
200 15
208 149
212 259
218 42
219 195
221 142
223 227
226 462
236 123
240 475
242 447
243 66
250 116
266 57
267 247
274 69
279 73
282 111
284 230
285 46
293 169
295 274
304 99
309 424
314 351
333 143
337 79
343 102
347 80
348 7
375 462
376 125
387 432
393 46
396 109
400 447
415 462
417 312
425 27
430 429
431 462
432 145
435 114
436 46
438 476
452 462
463 92
465 118
466 437
473 354
490 252
498 150

25765337_8514523889.jpg 94641710_2893301912.jpg
0 59
7 158
10 9
28 168
42 438
48 158
53 485
59 448
82 129
87 98
98 149
113 144
117 30
122 366
127 275
139 275
151 158
152 193
155 193
157 67
163 262
170 173
173 366
179 67
208 200
210 98
223 472
226 94
231 292
233 358
264 108
266 313
282 149
284 366
295 431
296 62
304 191
314 321
315 74
326 120
337 275
343 158
355 305
373 59
375 466
376 466
387 212
414 45
415 466
427 189
430 366
431 262
437 496
439 413
442 39
452 262
454 455
463 200
490 335
495 336

25765337_8514523889.jpg 96041539_3414552661.jpg
5 161
27 177
28 234
45 113
56 210
70 337
72 216
75 403
83 2
90 447
96 307
98 357
114 145
117 237
122 26
125 50
127 426
133 481
139 298
146 28
148 296
152 357
155 243
157 234
158 454
163 426
173 234
178 52
179 337
180 244
181 360
187 152
202 117
206 370
208 234
210 152
212 107
215 158
226 357
255 244
266 26
276 124
282 234
284 234
292 369
295 193
296 425
304 144
312 30
314 357
315 240
329 251
334 133
337 264
338 146
344 246
347 2
351 216
353 138
369 323
370 364
375 357
376 357
379 299
387 426
415 357
428 286
430 234
431 426
446 369
448 89
452 401
458 164
463 243
470 43
477 180
479 406
490 234

38309704_10569908794.jpg 85392944_2858810414.jpg
6 341
7 273
26 141
40 21
41 171
46 0
49 54
56 181
57 30
58 206
59 495
60 44
62 45
69 413
73 196
87 29
88 141
89 197
94 487
101 374
102 263
108 328
112 25
114 108
115 299
117 142
119 374
128 0
132 415
139 393
144 24
145 212
146 375
150 415
151 34
153 323
155 336
156 396
167 141
169 65
176 362
181 273
183 149
186 281
203 102
205 19
206 53
216 188
218 186
223 98
225 3
226 127
231 218
235 284
239 69
248 429
249 188
251 394
264 231
265 323
268 478
272 90
273 323
277 114
278 60
282 124
288 395
291 45
292 234
294 203
304 458
317 108
324 234
325 116
329 188
335 57
338 234
340 344
352 188
354 423
360 36
363 234
364 336
365 8
368 57
373 53
375 390
377 365
378 423
382 28
383 141
389 71
390 51
392 467
403 260
406 117
411 65
413 414
415 195
423 273
439 186
440 133
451 323
452 240
462 174
472 147
474 375
475 370
477 490
483 230
493 467

38309704_10569908794.jpg 90174531_8978485136.jpg
2 33
3 233
4 122
5 90
7 277
8 1
11 277
12 50
21 0
22 409
26 428
30 161
32 336
33 46
35 33
40 154
44 318
46 6
52 169
61 198
66 4
69 246
70 35
75 70
88 6
99 45
100 71
108 64
111 220
113 162
114 203
116 164
127 74
128 44
132 329
133 70
134 93
137 45
142 232
146 481
150 419
151 116
153 377
155 50
167 6
169 210
174 427
176 427
179 135
180 90
181 116
184 162
186 272
191 84
200 39
214 429
216 272
217 252
218 495
224 242
227 62
236 198
243 187
244 200
248 419
249 272
257 196
258 205
260 203
266 83
270 163
272 96
276 211
277 252
278 89
282 154
284 54
287 93
288 272
292 181
293 183
300 71
305 301
313 42
314 399
316 59
324 272
329 272
338 495
340 272
351 326
352 272
355 90
358 282
359 55
363 181
364 126
367 164
374 221
375 181
381 71
383 182
389 164
390 140
397 329
409 331
413 272
415 450
423 182
424 97
428 413
429 485
433 90
440 50
443 329
444 427
447 421
450 186
451 247
459 415
472 366
482 62
487 70
488 347
490 469
498 428
499 341

38309704_10569908794.jpg 93557961_2501534987.jpg
0 19
5 46
7 102
8 325
11 122
22 476
26 416
32 69
33 243
36 19
39 84
46 217
58 43
61 15
66 128
70 451
75 202
88 217
100 46
111 247
113 319
116 19
124 61
128 122
132 257
133 202
134 371
140 243
146 178
150 257
151 35
167 217
174 150
176 25
180 46
181 29
187 243
198 44
211 11
214 252
217 252
236 319
244 19
248 452
277 104
292 116
293 11
300 167
305 176
314 462
316 154
319 352
321 39
324 316
329 116
330 10
338 316
352 116
355 46
358 252
359 46
367 492
375 116
381 59
382 440
383 66
394 354
397 208
401 61
415 116
418 390
423 66
433 46
443 208
444 167
449 80
450 129
458 17
468 254
472 29
474 154
477 434
482 325
498 148
499 46

38309704_10569908794.jpg 94641710_2893301912.jpg
3 20
4 20
6 10
7 158
8 7
12 341
17 185
26 42
28 56
32 7
33 305
35 305
39 124
40 146
44 213
46 158
49 57
50 215
52 325
57 265
60 216
61 69
65 239
66 68
78 179
84 273
86 428
88 158
104 492
108 371
113 225
114 182
116 125
124 284
127 37
128 158
130 207
132 162
134 335
137 249
141 155
146 242
150 366
151 144
153 250
155 341
163 489
167 42
169 92
179 413
180 2
181 144
186 371
198 152
213 41
214 12
216 449
217 366
218 491
221 184
222 256
223 462
227 7
236 204
243 62
244 305
248 67
249 306
253 123
255 489
258 184
260 325
265 250
266 17
268 426
272 24
273 250
276 50
277 366
278 127
282 98
284 258
287 281
288 327
292 306
293 58
300 486
305 191
314 162
316 335
317 182
324 491
327 87
329 449
331 344
335 342
338 306
339 122
340 327
348 395
352 316
354 493
358 159
359 244
360 429
363 327
372 41
374 478
375 352
378 301
381 480
383 158
389 65
390 1
397 67
401 284
411 92
413 327
415 311
423 118
432 338
433 35
439 291
440 341
443 204
448 339
450 20
451 250
459 472
466 55
472 53
473 442
474 242
475 33
477 6
478 75
482 7
485 278
486 350
489 256
490 387
498 408

38309704_10569908794.jpg 96041539_3414552661.jpg
6 331
12 270
15 331
17 146
18 68
27 261
28 266
38 13
39 256
48 466
49 142
50 476
53 37
58 383
60 140
61 401
63 25
68 394
70 307
74 192
76 69
78 102
80 293
86 94
87 86
96 210
104 181
105 71
109 422
113 243
115 46
124 31
126 324
130 389
132 215
134 243
135 296
136 349
138 284
141 124
143 210
146 426
150 234
155 270
156 377
157 444
158 311
159 60
160 194
161 336
163 37
181 279
190 132
191 118
192 358
198 191
200 370
202 61
208 275
212 80
214 401
215 254
217 401
224 396
226 52
231 112
240 355
241 396
243 425
245 302
247 59
248 234
260 436
263 95
264 214
266 22
268 236
269 407
273 25
274 494
275 267
276 420
277 243
278 113
287 144
290 79
294 62
297 326
304 444
305 243
307 296
310 170
314 234
316 234
318 55
327 374
333 208
336 414
337 496
344 2
345 171
351 280
358 234
362 195
365 61
370 364
372 447
374 144
387 429
397 234
398 354
399 219
400 30
401 31
408 448
417 247
426 398
431 447
437 396
440 270
442 465
443 234
446 258
447 199
452 441
469 396
470 128
474 452
477 425
481 304
484 370
485 174
492 2

85392944_2858810414.jpg 90174531_8978485136.jpg
0 6
3 457
10 38
13 456
17 393
18 44
22 140
23 142
27 288
32 10
34 277
36 105
38 28
40 15
43 427
44 9
51 140
55 142
63 114
65 210
71 164
81 315
83 181
84 450
86 121
90 415
108 203
111 54
113 103
114 264
122 239
123 450
125 457
130 495
138 201
141 182
142 406
145 450
146 495
147 277
148 450
159 458
163 96
164 130
166 495
169 319
170 458
173 463
177 332
178 495
179 181
183 450
186 181
188 450
192 450
195 264
200 84
211 181
221 481
226 450
227 306
228 272
234 181
235 450
239 495
243 423
255 272
257 495
264 44
266 406
268 495
273 116
274 306
276 277
279 239
280 402
281 450
286 481
289 32
290 450
292 433
300 450
307 181
308 54
311 450
323 377
325 181
328 272
334 120
335 318
339 181
340 277
344 495
349 181
351 339
354 296
360 450
362 103
368 239
371 450
385 433
390 181
391 450
395 450
397 115
406 239
414 450
415 329
417 272
423 332
429 184
432 318
440 450
441 433
455 433
473 10
477 67
480 373
482 450
483 182
484 308
488 239
493 174
499 402

85392944_2858810414.jpg 93557961_2501534987.jpg
0 122
3 291
83 55
84 57
114 104
122 57
123 357
125 291
130 413
141 66
145 216
146 357
148 357
166 57
178 316
179 57
183 316
186 316
188 216
195 316
211 357
219 174
221 216
226 216
233 357
234 357
235 222
239 357
254 357
257 357
268 357
270 316
273 29
279 57
282 357
286 216
290 316
300 357
304 222
306 198
307 357
310 306
311 357
325 55
327 222
339 316
344 357
349 174
354 55
360 57
371 216
375 423
390 216
391 57
406 57
414 216
415 486
429 304
440 216
455 357
460 434
481 222
488 57
490 434
496 357
497 269

85392944_2858810414.jpg 94641710_2893301912.jpg
0 158
3 470
7 495
9 1
10 86
12 495
13 35
17 5
18 144
21 146
22 358
23 188
24 302
27 197
29 182
30 194
31 24
33 244
34 485
36 85
38 477
40 48
41 432
43 486
44 216
49 202
51 71
54 57
55 255
58 63
65 92
71 25
83 149
84 311
90 24
92 113
95 244
102 308
108 182
111 25
112 16
114 49
115 249
121 74
122 316
123 367
125 470
127 134
128 78
129 427
130 449
138 166
141 42
145 316
146 316
147 158
148 367
156 243
159 63
163 472
166 466
169 477
170 358
175 262
176 135
178 306
179 466
183 306
185 40
186 306
188 306
192 316
193 311
195 306
202 495
209 181
211 367
219 473
221 466
222 465
226 316
228 327
233 466
234 306
235 327
237 473
239 311
245 250
250 273
253 181
254 367
255 327
256 327
257 311
259 114
264 454
266 152
268 311
270 311
273 144
274 348
276 158
277 388
279 466
280 359
281 316
282 466
286 321
289 22
290 367
292 327
299 475
300 367
302 327
304 311
305 429
306 143
307 367
308 181
310 473
311 327
318 43
323 250
325 82
327 311
328 371
332 10
334 35
335 15
339 306
340 158
341 10
344 327
349 327
351 158
352 421
354 466
357 359
360 316
368 316
370 29
371 316
374 158
375 242
376 266
381 91
385 327
387 187
388 228
390 311
391 311
395 498
406 316
414 316
415 162
417 498
423 301
429 242
432 213
433 89
440 321
441 327
442 244
449 293
455 367
456 339
459 342
460 107
471 21
473 108
476 219
480 255
481 311
482 498
483 454
484 24
488 316
496 149
499 359

85392944_2858810414.jpg 96041539_3414552661.jpg
10 114
29 86
42 228
44 140
54 142
83 26
118 180
123 357
127 152
142 421
148 477
166 357
179 357
185 416
201 254
221 477
225 490
226 356
235 477
254 477
279 357
286 26
301 361
304 477
316 450
343 8
350 416
354 426
370 200
371 477
373 490
375 426
406 356
407 344
414 477
415 168
421 103
429 168
448 149
497 144

90174531_8978485136.jpg 93557961_2501534987.jpg
1 69
2 493
4 148
6 217
11 493
45 493
51 325
55 109
59 273
70 202
75 463
90 493
93 230
95 143
101 377
116 29
131 260
155 178
162 441
179 300
182 66
184 423
186 129
187 217
198 208
213 487
214 423
216 110
219 49
220 108
221 252
231 64
239 57
252 429
256 450
265 120
266 66
274 405
276 69
277 66
280 493
282 289
283 414
287 230
296 260
301 336
304 230
314 289
320 208
325 273
329 208
336 69
352 325
376 405
386 476
395 423
399 462
417 328
419 289
428 256
429 230
435 282
457 291
460 146
464 230
481 462
495 57

90174531_8978485136.jpg 94641710_2893301912.jpg
0 20
1 151
2 2
3 408
4 68
6 158
7 2
9 216
13 23
15 486
17 61
20 15
27 305
28 9
31 68
32 71
33 305
34 169
38 86
42 135
43 297
44 158
45 249
46 15
50 341
51 375
54 258
55 244
58 472
59 69
62 7
64 371
65 361
66 13
67 259
69 106
71 360
74 77
77 75
81 111
82 5
83 17
89 127
90 2
93 159
94 72
96 472
97 188
99 481
100 37
105 85
106 188
111 442
113 218
116 144
120 35
126 128
130 223
131 366
135 413
140 116
141 13
142 255
143 357
148 315
154 98
155 67
157 4
159 389
162 159
164 65
169 325
175 471
179 82
180 241
181 352
182 42
183 58
184 69
185 488
186 20
187 278
188 15
191 63
192 271
195 48
198 69
199 117
200 305
201 166
203 182
205 184
207 377
208 264
210 92
211 50
213 104
214 67
216 303
220 495
221 335
222 45
224 315
228 15
231 242
233 20
239 371
248 203
252 366
259 305
261 99
262 182
264 306
266 485
272 371
274 159
276 68
277 158
280 178
281 377
282 67
287 335
288 197
289 308
293 2
295 399
296 366
297 63
301 366
304 159
305 30
306 348
310 15
314 159
315 62
318 213
319 477
320 335
321 46
325 69
327 152
329 67
332 359
335 3
336 68
337 318
339 53
341 219
344 286
345 423
346 201
347 177
355 160
356 282
365 90
366 53
368 192
371 248
372 7
373 188
374 36
375 261
376 242
381 113
385 167
386 111
393 5
395 191
399 159
400 61
402 359
405 172
408 378
415 472
417 366
419 366
421 128
425 80
427 486
428 408
429 159
431 236
433 449
438 167
439 389
442 302
444 437
445 337
450 316
452 440
453 103
455 374
456 35
457 470
458 9
463 458
464 67
469 387
475 79
481 366
491 315
495 371
496 61
497 419

90174531_8978485136.jpg 96041539_3414552661.jpg
9 140
38 114
50 270
56 113
59 234
65 416
89 113
91 167
93 234
131 471
136 104
155 144
162 234
169 436
179 495
184 215
198 243
214 495
221 234
231 234
239 356
242 392
252 243
262 133
274 234
282 234
287 243
296 471
298 320
301 234
304 495
306 93
314 234
315 259
320 234
325 471
329 234
337 349
346 85
375 441
376 26
395 243
399 234
417 243
419 234
429 234
450 356
464 234
481 471

93557961_2501534987.jpg 94641710_2893301912.jpg
3 71
15 69
26 82
29 144
44 152
50 193
54 271
55 82
57 275
64 431
66 42
69 68
79 193
81 193
88 193
92 193
94 350
96 193
99 366
104 49
105 366
111 200
116 291
120 148
124 49
125 49
126 120
128 68
131 49
134 237
138 265
141 431
147 454
149 275
152 49
153 277
154 335
160 49
162 49
164 366
165 49
166 320
168 287
174 200
176 193
178 366
184 277
187 275
189 70
190 200
197 82
205 193
208 200
209 431
215 275
216 277
217 278
222 262
228 390
230 200
234 105
245 262
246 193
249 431
252 366
255 200
257 366
260 366
261 82
262 461
273 200
274 275
289 242
291 470
293 193
294 275
295 430
297 216
298 366
300 82
301 277
303 366
304 366
306 200
308 193
311 366
313 466
314 193
316 291
319 69
323 366
324 431
328 200
336 366
350 193
351 193
355 420
357 321
361 110
362 82
366 275
367 200
368 350
371 335
380 366
387 262
398 275
405 366
409 163
411 431
420 275
423 191
426 275
429 366
432 277
434 92
439 366
440 122
441 277
443 159
445 32
452 366
458 277
462 466
463 475
466 49
469 275
483 277
486 82
490 193
496 176
498 212

93557961_2501534987.jpg 96041539_3414552661.jpg
11 370
14 313
15 234
18 198
26 234
38 71
47 26
50 357
54 341
55 234
57 26
64 168
65 32
75 2
79 234
80 270
81 471
88 357
92 357
96 357
99 234
104 243
105 26
111 234
124 234
125 357
131 234
134 26
141 234
149 243
152 471
153 243
154 234
160 234
162 243
164 234
165 243
174 426
176 357
178 234
184 264
187 234
190 357
197 357
201 308
205 357
208 234
209 357
215 234
216 426
222 452
228 234
230 234
245 452
246 357
249 357
252 234
255 471
257 234
260 234
261 234
269 144
273 234
274 426
289 234
293 357
294 426
295 243
298 243
300 234
301 357
303 243
304 234
306 357
308 357
311 234
313 26
314 357
319 234
323 234
324 264
328 234
336 234
350 234
351 243
352 363
357 426
362 234
366 234
367 234
371 243
380 234
387 471
398 426
405 234
411 168
420 243
423 243
426 234
429 234
432 264
439 234
441 264
443 243
445 401
452 234
458 243
462 234
464 452
466 298
468 311
469 357
479 308
483 243
486 234
490 243
498 471

94641710_2893301912.jpg 96041539_3414552661.jpg
29 200
30 237
32 357
38 337
49 471
57 142
60 378
62 425
67 234
69 168
74 240
82 357
86 114
94 471
101 357
104 481
127 113
133 357
149 26
159 234
162 234
164 416
168 243
185 146
189 144
191 243
193 357
198 477
200 357
207 389
209 337
212 357
216 140
225 243
231 451
237 471
242 471
261 441
262 357
271 341
275 426
277 264
281 215
289 229
291 477
298 399
311 477
313 357
318 349
321 426
335 243
341 270
348 93
351 234
366 234
390 357
403 26
412 234
430 26
431 357
432 393
450 391
463 224
466 357
473 471
478 243
482 495
492 181

